1786
January   
 1    1014.5  1012.5  1011.6
 2    1010.3  1007.0  1001.5
 3     986.0   985.3   989.3
 4     995.6   995.9   999.3
 5     998.4   998.1  1005.0
 6    1004.5  1001.7   999.5
 7     997.1   997.2   997.9
 8    1000.2  1000.2  1002.7
 9    1002.5  1002.3  1005.4
10    1005.6  1004.1  1005.5
11    1005.1  1002.0  1002.0
12    1002.6   997.1   996.7
13    1009.3  1007.5  1013.3
14    1012.4  1009.5  1007.6
15     999.7  1000.0   996.9
16     994.3   996.6  1001.3
17    1008.8  1008.5  1012.1
18    1017.7  1017.6  1018.9
19    1024.8  1016.9  1025.3
20    1030.7  1029.8  1027.0
21    1014.2  1009.6  1005.7
22     998.2   995.5   992.2
23     981.7   980.4  1002.4
24    1016.0  1016.9  1014.7
25     999.7   996.0   995.4
26    1002.2  1004.4  1011.2
27    1024.7  1024.7  1024.8
28    1020.9  1019.1  1010.5
29    1006.9  1007.4  1008.6
30    1004.2   993.3   984.3
31     982.0   984.4  1005.9
1786
February  
 1    1019.5  1020.5  1021.6
 2    1020.9  1019.1  1016.4
 3    1012.1  1007.6  1004.8
 4    1006.9  1007.7  1011.3
 5    1010.6  1006.9  1001.2
 6     995.9   994.8   998.6
 7     999.3   996.2   992.9
 8     997.8   997.9   997.4
 9     997.3   998.5  1003.4
10     997.2   996.9  1004.7
11    1015.4  1014.1  1015.2
12    1015.6  1013.7  1013.6
13    1014.6  1012.9  1011.8
14    1008.2  1002.3   996.6
15    1008.3  1011.3  1013.4
16    1014.7  1014.2  1015.9
17    1019.0  1018.4  1015.7
18    1003.7   993.7   993.3
19    1016.1  1017.7  1022.6
20    1014.9  1007.8   997.8
21    1004.1  1010.3  1018.6
22    1018.1  1012.9  1010.6
23    1016.6  1016.2  1013.5
24     999.8   996.7  1006.5
25    1017.8  1018.3  1018.1
26    1015.0  1012.5  1009.0
27    1003.5  1000.2   998.9
28     999.8   999.7  1000.0
29     100.0   100.0   100.0
30     100.0   100.0   100.0
31     100.0   100.0   100.0
1786
March     
 1     999.0   997.9   998.2
 2     998.0   998.4   990.1
 3     981.9   982.4   985.2
 4     983.4   988.4   995.6
 5    1000.7  1003.3  1009.4
 6    1009.7  1009.5  1006.1
 7    1002.9  1002.3  1002.1
 8    1000.2   997.8   995.9
 9     996.0   995.8   999.7
10    1004.5  1005.0  1009.0
11    1012.3  1011.8  1011.9
12    1013.2  1015.2  1018.1
13    1019.8  1020.1  1020.3
14    1024.0  1023.3  1022.0
15    1020.7  1020.5  1021.4
16    1015.1  1007.1  1000.5
17     996.6   996.7   998.3
18    1002.8  1002.9  1002.5
19    1002.2  1001.7  1003.0
20    1003.4  1004.6  1002.3
21    1000.3   996.7   992.3
22     986.3   985.3   986.9
23     987.0   984.5   985.2
24     987.2   988.1   991.1
25     990.2   990.6   993.7
26     993.0   989.0   989.4
27     991.7   992.3   995.8
28    1004.6  1006.1  1008.4
29    1007.4  1004.4  1002.0
30    1001.0  1003.3  1006.4
31    1003.3  1001.3  1007.9
1786
April     
 1    1016.0  1016.2  1012.2
 2     990.3   993.2  1011.6
 3    1019.9  1018.0  1012.2
 4    1004.4  1003.6  1003.8
 5    1001.8  1001.8  1000.0
 6    1000.2   999.9   996.8
 7     995.9   999.5  1005.3
 8    1008.0  1006.0  1004.2
 9     995.7   997.4  1002.0
10    1004.7  1004.0  1006.1
11    1009.8  1010.1  1012.1
12    1012.4  1012.0  1012.4
13    1015.7  1016.5  1014.8
14    1010.4  1006.8  1006.7
15    1013.8  1013.8  1012.9
16    1011.7  1008.8  1006.2
17    1000.7  1000.1  1001.9
18    1002.4  1002.5  1003.4
19    1008.7  1010.6  1010.8
20    1013.7  1015.0  1016.7
21    1015.3  1015.6  1014.3
22    1011.4  1010.5  1008.6
23    1007.8  1007.8  1008.1
24    1002.2   997.7   991.0
25     985.7   984.3   986.0
26     991.3   993.9   995.5
27     998.0   997.6   997.9
28     995.5   991.4   994.4
29     993.1   991.1   992.6
30     990.4   987.9   988.1
31     100.0   100.0   100.0
1786
May       
 1     991.2   990.9  1000.4
 2    1003.9  1004.1  1004.7
 3    1005.7  1004.6  1002.6
 4    1005.1  1006.8  1007.1
 5    1010.7  1010.5  1010.4
 6    1007.5  1005.7  1000.9
 7     992.4   992.2   995.2
 8    1000.4  1001.9  1006.8
 9    1010.3  1010.3  1013.0
10    1013.8  1013.6  1012.0
11    1009.1  1008.5  1006.8
12    1005.7  1005.2  1005.6
13    1004.8  1004.8  1006.0
14    1006.8  1006.0  1003.9
15    1007.7  1006.6  1001.0
16    1001.9  1001.8   999.2
17     997.1   996.8   998.1
18     999.7   999.3  1001.5
19    1004.3  1005.5  1009.8
20    1014.1  1014.5  1014.0
21    1013.8  1013.3  1012.8
22    1012.7  1012.0  1012.4
23    1012.4  1011.9  1012.8
24    1010.9  1009.6  1009.0
25    1009.3  1009.2  1010.6
26    1014.5  1015.9  1016.5
27    1015.6  1015.5  1015.8
28    1015.5  1015.1  1014.0
29    1011.2  1012.0  1013.3
30    1015.2  1015.5  1016.0
31    1014.2  1013.1  1012.0
1786
June      
 1    1010.1  1010.3  1010.9
 2    1011.0  1008.9  1007.0
 3    1004.8  1002.1   998.8
 4     998.1   996.9  1000.8
 5    1003.5  1003.8  1001.8
 6     998.9   996.8   995.1
 7     994.7   994.5   994.6
 8     994.3   993.4   993.2
 9     999.8  1004.4  1006.5
10    1008.3  1006.4  1003.5
11    1000.5   999.1   995.7
12     992.7   992.6   995.3
13     999.3   999.0   999.6
14    1005.1  1005.2  1006.8
15    1010.6  1010.8  1011.9
16    1013.8  1013.4  1011.9
17    1006.0  1003.8  1001.8
18    1001.6   999.9   999.8
19     999.0   996.8   996.0
20     996.6   997.0   998.9
21    1000.8   999.5  1000.5
22    1002.0  1001.7  1002.9
23    1004.2  1003.3  1002.4
24    1004.0  1002.8   998.9
25     997.9   997.1   997.4
26     999.1   999.3  1001.9
27    1000.8   997.4  1000.6
28    1004.1  1003.6  1004.2
29    1004.9  1003.9  1002.5
30    1005.8  1006.6  1010.6
31     100.0   100.0   100.0
1786
July      
 1    1014.2  1014.7  1013.1
 2    1009.4  1005.9  1003.6
 3    1004.9  1005.5  1005.9
 4    1004.9  1001.8   999.8
 5    1002.6  1002.2  1002.5
 6    1005.3  1005.6  1006.4
 7    1008.0  1006.9  1005.8
 8    1002.3   998.5   997.8
 9    1005.0  1004.8  1004.7
10    1006.4  1006.9  1007.2
11    1007.3  1004.8  1002.5
12    1000.1   999.6  1003.4
13    1008.2  1008.6  1009.3
14    1009.0  1007.4  1004.1
15    1004.3  1006.2  1005.9
16    1004.8  1000.3   997.8
17    1001.3  1004.8  1007.8
18    1008.7  1007.1  1000.1
19     998.2   997.7   998.8
20    1001.0  1001.3  1002.2
21    1004.8  1005.3  1005.9
22    1005.2  1004.4  1002.7
23    1001.1   999.0   999.2
24    1001.6  1001.7  1004.5
25    1007.5  1007.6  1008.1
26    1008.1  1005.6  1003.4
27    1001.8  1000.1  1002.8
28    1007.1  1007.9  1008.5
29    1009.5  1010.0  1010.6
30    1012.5  1012.7  1014.0
31    1015.0  1015.0  1015.4
1786
August    
 1    1014.4  1014.2  1012.1
 2    1008.1  1006.0  1004.9
 3    1006.6  1007.9  1008.0
 4    1008.9  1008.0  1008.4
 5    1008.5  1008.1  1007.6
 6    1007.4  1006.1  1009.1
 7    1013.9  1013.9  1012.1
 8    1012.6  1011.9  1010.6
 9    1007.7  1005.3  1003.7
10    1002.4  1003.6  1005.1
11    1004.8  1001.1   999.7
12     994.1   994.5  1000.7
13    1005.6  1006.6  1005.3
14    1002.7  1002.7  1006.2
15    1009.1  1009.8  1011.0
16    1012.1  1011.6  1012.3
17    1011.9  1011.4  1010.8
18    1009.8  1010.5  1011.6
19    1013.6  1013.7  1013.4
20    1012.7  1011.2  1009.8
21    1010.3  1009.3  1006.6
22    1003.5  1004.9  1010.1
23    1009.2  1002.7  1001.7
24    1008.7  1009.5  1012.8
25    1015.7  1014.6  1012.0
26    1007.9  1004.6  1003.4
27    1002.3  1003.4  1013.1
28    1019.3  1019.3  1018.4
29    1011.1  1004.9  1004.2
30    1012.1  1013.1  1013.6
31    1012.8  1012.4  1012.1
1786
September 
 1    1013.8  1013.5  1013.6
 2    1013.0  1011.0  1010.3
 3    1008.4  1006.1  1002.3
 4    1006.5  1010.6  1014.8
 5    1014.0  1009.8  1003.4
 6    1003.0  1002.9  1006.1
 7    1009.8  1010.6  1015.3
 8    1019.5  1020.0  1018.6
 9    1013.8  1009.9  1004.6
10     997.0   994.4   992.9
11     990.9   990.7   995.3
12     998.5   997.7  1000.1
13    1005.5  1005.3  1008.6
14    1012.9  1012.6  1013.8
15    1013.5  1011.6  1011.5
16    1015.6  1016.5  1017.0
17    1017.3  1016.5  1015.3
18    1014.5  1013.6  1012.2
19    1012.6  1006.7  1001.3
20     997.6   998.6  1000.1
21    1002.6  1005.3  1010.2
22    1013.0  1013.3  1012.4
23    1009.3  1007.1  1007.4
24    1012.0  1012.9  1014.1
25    1014.5  1010.8  1007.9
26    1007.2  1006.0  1007.0
27    1009.1  1009.6  1009.7
28    1009.1  1007.5  1007.4
29    1012.1  1011.5  1012.4
30    1012.8  1011.6  1011.7
31     100.0   100.0   100.0
1786
October   
 1    1011.7  1008.9  1010.4
 2    1009.8  1008.1  1007.4
 3    1012.3  1012.6  1013.3
 4    1013.0  1012.7  1009.3
 5    1006.3  1003.1   998.9
 6     988.9   986.4   985.3
 7     992.9   995.5   999.5
 8    1001.6  1001.0  1000.8
 9     999.2   997.7  1001.6
10    1004.8  1004.3  1005.6
11    1007.1  1005.7  1005.4
12    1000.4   996.4   996.9
13    1003.7  1004.0  1006.2
14    1012.4  1013.3  1010.2
15    1006.9  1006.2  1007.3
16    1007.7  1005.4  1003.8
17     997.2   993.8   999.4
18    1008.3  1009.2  1015.4
19    1020.7  1020.1  1020.1
20    1018.0  1014.6  1013.4
21    1011.3  1010.6  1006.0
22    1000.6   998.2   999.9
23    1005.3  1005.9  1008.0
24    1011.0  1014.0  1022.3
25    1024.5  1020.1  1013.6
26    1009.7  1008.2  1002.2
27     996.6   996.4   998.4
28    1000.5   998.0   996.0
29     999.6  1000.1  1006.6
30    1009.8  1008.6  1006.7
31    1007.3  1007.4  1007.1
1786
November  
 1    1006.4  1006.7  1010.7
 2    1018.1  1018.2  1018.0
 3    1008.7   999.8   997.1
 4     999.0   999.1  1003.6
 5    1004.8  1002.9  1000.8
 6    1008.4  1008.3  1008.4
 7    1007.0  1005.3  1003.5
 8    1001.0  1003.5  1007.2
 9    1009.0  1007.9  1003.2
10     990.8   989.1   991.3
11     998.8  1002.0  1009.6
12    1009.1  1006.5  1003.3
13    1006.3  1008.4  1012.2
14    1012.9  1010.7  1009.3
15    1002.8   992.1   997.4
16    1009.9  1014.0  1016.3
17    1011.9  1003.3  1001.2
18    1006.5  1006.4  1008.0
19    1010.7  1010.8  1010.5
20    1006.7  1002.6   994.1
21    1002.6  1005.5  1011.6
22    1012.8  1011.2  1007.1
23    1002.4  1002.0  1002.2
24    1003.2  1005.2  1008.6
25    1010.2  1011.4  1014.3
26    1019.5  1018.2  1015.3
27    1005.2   995.6   989.5
28    1008.4  1009.4  1013.2
29    1014.1  1012.4  1009.3
30     997.2   993.2   993.5
31     100.0   100.0   100.0
1786
December  
 1     999.9   998.9   999.5
 2    1006.1  1007.3  1008.4
 3    1006.9  1012.2  1020.3
 4    1026.0  1024.8  1016.1
 5     993.5   994.1  1003.9
 6    1013.1  1012.9  1012.9
 7    1011.0  1008.6  1009.9
 8    1012.4  1011.8  1013.3
 9    1012.8  1006.6   996.7
10     981.1   988.4  1003.2
11    1018.0  1019.5  1027.1
12    1028.7  1026.4  1023.3
13    1019.0  1015.1  1005.6
14     995.3   995.1  1001.3
15    1006.2  1006.0  1007.0
16    1010.4  1011.7  1010.8
17    1008.0  1002.9   998.1
18    1001.0  1003.5  1008.7
19    1008.1  1006.1  1003.2
20    1001.8  1002.9  1009.9
21    1011.4  1009.8  1009.4
22    1009.5  1009.0  1008.0
23    1001.6  1001.2   998.7
24     996.3   997.5  1007.4
25    1014.8  1012.9  1008.2
26    1014.5  1015.7  1016.8
27    1012.7  1009.8  1009.3
28    1007.8  1007.1  1015.3
29    1023.6  1023.3  1025.0
30    1026.1  1025.3  1020.3
31    1014.8  1014.6  1014.8
1787
January   
 1    1012.1  1008.1  1011.0
 2    1021.0  1021.6  1018.7
 3    1005.1   999.0   995.6
 4     999.0  1000.8   997.7
 5     984.5   990.1  1005.7
 6    1014.8  1014.9  1020.0
 7    1023.9  1020.4  1007.8
 8    1008.5  1009.4  1011.7
 9    1009.2  1005.6  1003.8
10     997.4   996.0   999.4
11     998.1   996.4   997.2
12     995.5   994.1  1001.8
13    1012.5  1013.7  1017.2
14    1010.3  1008.2  1009.2
15     997.4   989.9   989.9
16    1002.1   999.6   993.4
17     991.9   986.8   992.3
18     999.9   997.5  1005.7
19    1021.7  1022.4  1023.0
20    1013.6  1007.5  1008.2
21    1011.6  1010.4  1010.1
22    1014.4  1018.0  1026.2
23    1028.9  1026.1  1015.4
24    1002.6  1001.3  1006.8
25    1019.1  1019.4  1020.0
26    1004.5   999.0   999.5
27    1006.5  1005.7  1010.9
28    1019.4  1019.3  1021.2
29    1014.6  1010.1  1001.3
30     995.3   995.6   998.6
31    1007.0  1009.6  1017.5
1787
February  
 1    1020.3  1017.0  1015.1
 2    1018.0  1016.7  1015.7
 3    1007.4  1000.1   995.9
 4     998.9  1002.9  1016.0
 5    1021.6  1017.4  1008.8
 6    1015.1  1015.8  1016.0
 7    1018.1  1018.0  1017.7
 8    1011.6  1006.0   994.4
 9     999.8  1002.1  1010.1
10    1021.1  1022.9  1023.1
11    1018.6  1014.5  1002.3
12    1002.9  1006.5  1012.2
13    1019.0  1020.5  1026.0
14    1030.1  1025.7  1011.9
15     997.8   995.6   999.4
16    1014.2  1015.5  1014.9
17    1010.4  1006.2  1011.4
18    1021.6  1020.9  1017.0
19    1011.5  1008.2  1006.3
20     995.2   994.0   998.8
21    1001.7  1000.0  1000.6
22    1004.9  1004.4  1007.9
23    1011.8  1012.2  1012.9
24    1015.2  1015.2  1014.6
25    1012.9  1010.9  1009.9
26    1010.0  1009.4  1008.1
27     997.6   989.7   990.8
28     989.1   988.2   988.5
29     100.0   100.0   100.0
30     100.0   100.0   100.0
31     100.0   100.0   100.0
1787
March     
 1     990.0   989.6   991.0
 2    1003.2  1002.9  1011.1
 3    1011.7  1009.6   995.4
 4     999.7  1001.0  1003.6
 5    1003.4  1001.1   997.9
 6     993.7   991.7   993.1
 7     999.0   998.5   999.7
 8    1019.0  1019.1  1019.9
 9    1020.5  1013.1   999.0
10     987.7   989.5   996.7
11    1010.8  1011.6  1015.5
12    1016.8  1014.5  1010.8
13     998.9   994.2   996.2
14    1015.2  1017.5  1018.7
15    1022.4  1023.2  1020.2
16    1015.6  1014.5  1020.4
17    1023.1  1024.0  1022.0
18    1017.4  1014.5  1008.0
19     998.4   996.8   998.4
20    1000.9  1000.1   998.7
21    1000.4   999.6   999.3
22    1003.0  1003.6  1002.9
23     990.5   988.2   991.8
24     996.4   998.1  1004.1
25    1006.7  1006.3  1010.0
26    1015.3  1013.5  1014.5
27    1014.3  1011.1  1011.2
28    1009.8  1004.8  1001.2
29     999.2  1000.9  1001.8
30    1002.1  1001.6  1006.6
31    1009.4  1006.9  1008.9
1787
April     
 1    1013.8  1011.9  1006.7
 2    1000.7  1000.0  1008.5
 3    1014.2  1009.1  1007.6
 4    1005.6   999.3   997.5
 5     999.2  1002.9  1011.2
 6    1017.7  1015.4  1013.6
 7    1015.2  1014.4  1013.1
 8    1011.0  1007.1  1003.4
 9     994.7   991.0   992.9
10    1001.2  1000.7  1005.5
11    1006.5  1010.5  1013.2
12    1015.6  1014.8  1013.0
13    1009.7  1005.3   998.8
14     995.6   994.6   999.4
15    1003.4  1001.4  1005.2
16    1009.5  1009.0  1010.5
17    1011.1  1010.3  1007.9
18    1011.8  1012.0  1011.6
19    1012.4  1008.6  1005.7
20    1003.7  1000.9  1003.5
21    1004.1  1003.5  1002.5
22     997.3   998.2  1002.2
23    1003.8  1003.6  1003.7
24    1007.5  1004.7  1005.0
25    1005.4  1001.8   999.4
26     989.0   991.3  1000.7
27    1006.5  1006.6  1006.2
28    1008.9  1008.0  1007.3
29    1004.7  1001.2   997.4
30     996.9   994.6   993.9
31     100.0   100.0   100.0
1787
May       
 1     994.2   990.5   996.1
 2    1004.3  1004.2  1006.5
 3    1011.3  1010.7  1011.0
 4    1010.2  1006.4  1004.4
 5     999.8   996.5   994.9
 6    1000.6   999.6   998.1
 7     993.3   994.2   996.9
 8    1001.5  1002.1  1003.9
 9    1007.9  1008.5  1009.2
10    1007.2  1005.3  1004.9
11    1006.3  1007.6  1011.1
12    1013.6  1013.8  1014.6
13    1013.0  1013.2  1013.6
14    1013.3  1013.2  1012.2
15    1009.5  1009.8  1008.3
16    1007.9  1007.4  1006.7
17    1005.1  1001.9   999.5
18     995.6   992.8   991.3
19     992.8   992.5   992.9
20     993.1   989.3   987.3
21     997.8   999.7  1003.1
22    1006.0  1005.6  1006.6
23    1009.8  1008.8  1008.5
24    1008.4  1005.4  1003.0
25    1003.2  1005.0  1005.9
26    1008.5  1007.7  1008.3
27    1008.4  1008.0  1010.1
28    1011.0  1010.8  1010.6
29    1010.8  1009.5  1006.5
30    1006.9  1004.2   997.8
31     987.7   985.6   989.7
1787
June      
 1     992.2   989.9   993.5
 2     995.7   995.1   993.8
 3     992.1   991.1   989.8
 4     987.2   987.9   991.1
 5     994.8   994.3   996.7
 6     996.2   993.2   993.9
 7     991.0   990.7   991.3
 8     991.5   991.5   993.6
 9     996.6   996.0   998.0
10    1000.1   999.5  1000.0
11    1001.5  1000.5  1001.3
12    1002.1  1004.2  1008.1
13    1013.0  1011.2  1008.4
14    1003.9  1000.1   997.9
15     997.1   997.2   997.4
16    1000.3  1000.1  1000.2
17    1001.8  1000.8   997.7
18     992.4   992.0   993.2
19     997.5   999.2  1003.3
20    1007.5  1007.3  1008.1
21    1008.4  1005.8  1003.2
22     999.1  1000.3  1002.8
23    1004.9  1003.6  1004.0
24    1003.6  1000.4   999.2
25     991.4   983.8   995.1
26    1003.3  1002.6  1001.3
27     998.0   997.1   998.9
28    1002.5  1002.6  1006.3
29    1010.7  1009.7  1008.6
30    1007.2  1004.9  1003.9
31     100.0   100.0   100.0
1787
July      
 1    1008.1  1009.4  1008.6
 2    1006.9  1006.1  1006.0
 3    1004.5   996.4   996.1
 4    1002.1  1001.3  1002.0
 5    1003.3  1002.3  1003.6
 6    1003.2  1003.3  1004.9
 7    1007.0  1005.1  1004.8
 8    1005.0  1004.1  1004.8
 9    1006.9  1007.4  1008.5
10    1008.3  1008.3  1008.9
11    1008.7  1007.7  1005.5
12    1003.1  1002.2  1002.2
13    1002.5  1001.0  1004.3
14    1005.2  1004.1  1006.6
15    1008.0  1007.4  1005.9
16    1001.5   997.3   996.0
17     997.8   998.9  1003.1
18    1003.2  1003.7  1005.1
19    1007.3  1007.1  1007.9
20    1011.6  1010.9  1011.4
21    1010.1  1008.7  1007.4
22    1005.8  1004.6  1005.3
23    1005.5  1004.8  1005.2
24    1004.2  1003.7  1003.1
25    1002.0   999.8   995.9
26     992.3   991.7   993.6
27     994.0   994.0   997.9
28    1001.7  1002.5  1005.6
29    1006.2  1007.3  1009.8
30    1013.9  1016.5  1016.9
31    1016.7  1016.5  1015.0
1787
August    
 1    1012.8  1012.4  1011.2
 2    1009.5  1008.5  1008.1
 3    1007.9  1007.4  1007.0
 4    1008.6  1007.9  1008.0
 5    1008.4  1007.6  1006.6
 6    1006.5  1007.2  1006.7
 7    1006.7  1006.4  1007.1
 8    1008.1  1007.8  1005.9
 9    1004.7  1001.7   999.1
10     993.9   991.0   994.4
11     997.6   998.7  1000.2
12    1001.5  1000.9  1002.2
13    1005.1  1006.4  1008.0
14    1010.6  1010.0  1008.7
15    1007.4  1010.0   997.4
16    1006.9  1008.9  1014.5
17    1016.7  1013.8  1009.3
18     998.5   997.6  1000.8
19    1002.5  1003.3  1003.6
20    1003.6  1003.0  1001.6
21     995.0   993.9   994.6
22     993.9   994.5   995.7
23     999.6   999.1  1002.8
24    1006.7  1006.6  1005.7
25    1003.5  1000.9  1000.2
26    1002.8  1004.7  1008.6
27    1013.0  1012.8  1013.0
28    1016.7  1016.2  1014.9
29    1010.0  1009.7  1007.1
30    1005.6  1005.5  1008.6
31    1012.1  1012.6  1012.9
1787
September 
 1    1013.1  1010.6  1007.4
 2    1002.0   999.7  1000.1
 3    1003.6  1004.4  1007.5
 4    1012.2  1012.6  1013.7
 5    1012.9  1009.2  1005.8
 6    1000.8  1000.6  1007.8
 7    1014.3  1015.4  1019.1
 8    1022.6  1021.8  1019.4
 9    1016.5  1014.3  1010.2
10    1007.5  1005.5  1003.0
11    1000.0  1003.9  1008.4
12    1007.2  1006.5  1009.0
13    1009.9  1010.8  1010.8
14    1011.1  1006.4   997.6
15     999.1  1001.2  1007.1
16    1011.6  1012.6  1015.9
17    1017.9  1017.4  1016.6
18    1014.2  1012.8  1010.4
19    1003.4  1000.1   991.1
20     989.2   992.3   996.5
21     998.5  1000.0  1003.2
22    1006.2  1007.2  1008.5
23    1009.2  1009.3  1007.6
24    1005.9  1003.1  1003.0
25    1004.2  1003.0  1002.1
26     999.5   999.4  1003.8
27    1004.4  1000.1   998.7
28    1006.8  1007.0  1007.3
29    1002.6  1001.0  1002.4
30    1013.1  1015.5  1018.3
31     100.0   100.0   100.0
1787
October   
 1    1021.7  1020.4  1019.8
 2    1019.3  1015.6  1012.2
 3    1005.5  1002.0  1004.0
 4    1008.4  1008.2  1010.5
 5    1012.8  1013.6  1013.3
 6    1012.2  1011.7  1012.7
 7    1019.0  1019.9  1020.7
 8    1023.1  1022.6  1021.0
 9    1017.7  1014.1  1011.8
10    1013.7  1013.5  1015.4
11    1022.6  1022.9  1024.1
12    1024.9  1022.7  1020.6
13    1009.5  1008.0  1009.0
14    1014.5  1013.6  1012.8
15    1009.9  1003.8  1003.1
16    1001.3  1000.5  1001.6
17    1006.5  1006.4  1006.6
18    1011.7  1011.7  1014.5
19    1017.2  1016.4  1015.9
20    1016.0  1015.6  1015.8
21    1015.9  1016.2  1016.0
22    1014.6  1013.9  1014.2
23    1015.4  1015.3  1015.0
24    1017.0  1015.7  1014.7
25    1014.6  1013.5  1013.1
26    1012.2  1011.7  1009.0
27    1003.9  1003.2  1004.3
28    1006.1  1005.1  1006.7
29    1007.1  1004.8  1003.0
30    1001.3   998.2   998.2
31     999.1   998.9   999.6
1787
November  
 1    1002.4  1007.4  1007.2
 2    1018.9  1019.6  1023.9
 3    1027.3  1025.7  1024.6
 4    1023.3  1019.6  1018.1
 5    1016.1  1015.4  1015.2
 6    1017.4  1018.5  1015.0
 7    1017.8  1015.6  1013.2
 8    1008.6  1005.3  1003.4
 9     995.1   999.8  1000.9
10    1002.1  1001.1   999.5
11    1002.5  1003.1  1008.9
12    1015.5  1014.2  1009.8
13    1011.5  1011.2  1009.9
14    1008.1  1006.4  1006.4
15    1003.7  1001.1  1004.7
16    1004.3  1003.2  1000.7
17    1005.5  1007.6  1014.9
18    1020.9  1021.2  1022.1
19    1023.6  1023.4  1022.8
20    1018.8  1016.3  1011.0
21    1003.4   998.5   995.8
22     998.7   999.4  1004.8
23    1010.8  1012.1  1014.6
24    1017.5  1018.5  1019.1
25    1019.2  1017.8  1016.8
26    1015.4  1015.2  1015.1
27    1011.8  1010.4  1008.4
28    1004.8  1002.2  1001.6
29     999.6   997.0   995.5
30     995.5   990.6   994.8
31     100.0   100.0   100.0
1787
December  
 1     994.9   993.8   993.8
 2     990.5   988.2   989.7
 3     999.0   999.3  1003.1
 4    1003.6  1001.0   996.5
 5     998.2   998.2  1001.5
 6    1004.4  1004.0  1004.6
 7    1003.8  1002.8  1002.8
 8    1005.1  1004.9  1004.0
 9    1004.1  1003.7  1004.2
10    1002.3   998.8   998.7
11     995.1   995.2   995.3
12     998.5   995.9  1000.5
13    1005.0  1004.9  1005.1
14    1005.7  1003.1  1003.1
15    1004.5  1005.9  1007.8
16    1011.2  1010.5  1011.4
17    1012.4  1011.5  1012.4
18    1013.3  1013.5  1014.4
19    1012.0  1009.1  1005.4
20    1001.8   999.5   999.5
21     995.8   994.1   998.9
22    1003.0  1007.1  1008.8
23    1003.5   999.0   992.6
24     991.5   991.3   991.6
25     990.9   988.3   989.7
26     991.9   992.2   995.8
27     998.4   997.7   997.3
28     995.3   995.1   996.8
29     995.8   991.3   993.5
30     997.7   995.8   994.0
31     994.9   995.6  1002.2
1788
January   
 1    1008.3  1006.3  1003.5
 2    1002.5   997.8   995.1
 3    1000.4  1001.6  1004.0
 4     993.5   993.8  1003.4
 5    1005.1  1003.7  1004.8
 6    1006.4  1003.8  1011.4
 7    1020.0  1018.6  1021.5
 8    1016.2  1006.2   990.9
 9     993.2   993.7  1001.5
10    1013.0  1011.2  1012.5
11    1014.9  1011.6  1015.7
12    1018.4  1014.8  1010.3
13    1002.0  1001.2  1006.1
14    1015.3  1014.8  1019.7
15    1021.4  1017.4  1012.8
16    1009.0   999.2   983.9
17     991.3   997.7  1008.8
18    1018.7  1018.1  1019.0
19    1019.5  1016.4  1010.2
20     988.8   987.2   994.5
21    1006.0  1006.9  1008.6
22    1006.8  1004.4  1001.0
23     995.8   998.0  1011.1
24    1019.6  1018.3  1012.7
25     983.8   980.6   988.5
26    1008.6  1009.1  1009.7
27    1008.0  1003.7  1002.0
28    1007.7  1008.0  1007.3
29     991.0   972.5   989.6
30     995.4   995.4   996.0
31    1004.6  1005.5  1009.1
1788
February  
 1    1010.3  1008.5  1011.7
 2    1016.3  1013.9  1011.9
 3    1006.9  1002.9   991.2
 4     979.9   981.5   985.8
 5     997.6  1000.6  1009.9
 6    1022.0  1021.3  1018.6
 7    1013.1  1012.2  1015.5
 8    1017.9  1016.3  1011.3
 9    1009.5  1009.6  1012.7
10    1018.0  1015.4  1009.4
11     995.4   990.6   983.8
12    1000.7   997.1   996.2
13    1012.0  1010.1  1008.5
14     994.3   995.5  1008.8
15    1016.1  1015.5  1014.2
16     995.1   980.5   968.6
17     985.0   986.6   989.5
18     993.6   993.5   995.9
19     998.8   997.5  1000.0
20    1000.1   999.8  1001.1
21    1003.6  1002.5  1003.9
22    1003.0  1001.1   999.2
23    1000.4  1001.5  1006.2
24    1008.6  1008.3  1008.4
25    1008.7  1006.0  1003.8
26     998.2   997.8   998.0
27     995.9   994.1   996.3
28     997.0   996.2   999.2
29    1001.0  1000.1   998.9
30     100.0   100.0   100.0
31     100.0   100.0   100.0
1788
March     
 1     998.0   994.0   994.7
 2     994.3   992.2   995.2
 3    1001.5  1001.5  1000.3
 4     990.3   987.5   985.9
 5     985.4   983.0   985.2
 6     986.8   985.3   985.8
 7     984.5   982.0   983.6
 8     986.7   987.9   989.7
 9     989.6   991.0   997.1
10     997.5  1002.7  1004.9
11    1006.9  1008.7  1012.2
12    1015.3  1012.4  1010.0
13    1010.0  1009.3  1008.1
14    1004.5  1000.6   997.8
15    1002.3  1001.3  1004.6
16    1005.7  1005.0  1011.3
17    1016.4  1015.2  1015.9
18    1015.7  1013.7  1011.1
19     996.1   987.3   985.9
20     986.4   986.4   990.1
21    1002.3  1005.6  1012.9
22    1015.5  1013.1  1011.9
23    1006.3  1001.4   988.8
24     985.0   985.1   988.5
25     994.9   995.7  1000.1
26     999.8   999.1  1003.0
27    1010.4  1010.9  1012.4
28    1012.8  1005.9   994.2
29     998.7  1001.4  1008.1
30    1013.6  1013.1  1015.5
31    1019.6  1016.5  1012.9
1788
April     
 1    1005.9  1004.4  1004.4
 2    1010.3  1012.1  1016.2
 3    1019.6  1019.7  1019.4
 4    1015.2  1014.0  1014.5
 5    1018.7  1018.4  1016.7
 6    1011.6  1009.8  1011.9
 7    1020.8  1020.3  1019.9
 8    1018.8  1017.0  1008.7
 9    1000.6   998.0  1003.0
10    1006.0  1003.3  1003.4
11    1010.3  1013.1  1018.1
12    1019.2  1016.6  1011.9
13    1006.0  1004.5  1006.2
14    1010.8  1009.7  1003.8
15    1000.4   999.4  1002.5
16    1008.0  1012.3  1021.1
17    1025.2  1024.5  1022.3
18    1010.2  1003.4  1000.7
19     995.0   995.3   989.1
20     984.1   985.5   995.5
21    1003.7  1006.5  1012.0
22    1016.2  1013.8  1011.9
23    1014.6  1013.3  1015.2
24    1015.0  1013.7  1012.3
25    1011.6  1010.1  1011.9
26    1017.8  1019.3  1020.7
27    1022.6  1023.3  1023.9
28    1022.4  1019.6  1011.8
29    1007.3  1008.1  1014.0
30    1017.0  1015.7  1013.1
31     100.0   100.0   100.0
1788
May       
 1    1011.4  1007.6  1004.2
 2     999.6   999.5  1000.6
 3    1001.4  1001.7  1002.5
 4     994.9   989.8   990.0
 5     990.9   989.1   992.7
 6     998.7   996.2   995.1
 7     997.9  1000.2  1004.2
 8    1009.5  1008.7  1008.8
 9    1009.1  1008.3  1007.5
10    1009.1  1010.1  1010.5
11    1008.6  1006.6  1006.7
12    1006.0  1005.1  1005.3
13    1006.6  1006.4  1009.3
14    1014.4  1016.0  1016.6
15    1017.0  1015.5  1014.7
16    1013.0  1009.9  1008.3
17    1006.0  1004.3  1003.7
18    1005.4  1006.7  1009.4
19    1008.5  1008.4  1008.4
20    1008.7  1007.0  1005.3
21     998.8   996.6   995.3
22     998.5   999.6  1000.7
23    1000.8  1000.6   999.2
24     998.0   997.0   993.8
25     990.9   990.1   995.0
26     999.3   999.3  1002.4
27    1005.7  1004.9  1002.6
28     995.7   989.7   991.4
29     995.8   997.4  1002.1
30    1003.6  1002.9  1004.8
31    1005.4  1002.8  1000.3
1788
June      
 1     997.4   997.4  1003.0
 2    1006.2  1006.0  1010.1
 3    1015.1  1015.5  1016.9
 4    1019.5  1018.9  1015.5
 5    1010.0  1007.9  1007.3
 6    1009.4  1008.2  1002.7
 7    1000.1   998.1  1003.3
 8    1012.4  1013.6  1013.4
 9    1007.8  1000.9  1003.2
10    1001.7  1001.2  1001.8
11    1004.7  1005.7  1008.2
12    1009.3  1008.2  1007.7
13    1005.8  1003.9  1004.3
14    1004.5  1008.0  1009.2
15    1011.3  1011.6  1010.6
16    1011.9  1011.4  1010.4
17    1009.2  1007.7  1006.4
18    1001.7   996.8   994.0
19     991.2   991.5   990.9
20     992.1   991.7   993.7
21     998.1   998.4  1002.5
22    1007.3  1006.9  1006.2
23    1002.4  1000.3   997.9
24     997.3   998.0   999.5
25    1000.2  1001.5  1002.1
26    1003.1  1004.1  1006.3
27    1007.3  1006.4  1006.5
28    1005.4  1003.3  1003.8
29    1000.2  1000.5   998.6
30     999.4   999.6  1002.3
31     100.0   100.0   100.0
1788
July      
 1    1004.7  1005.4  1005.5
 2    1004.8  1003.0  1003.3
 3    1002.7  1001.8  1002.2
 4    1001.7  1001.3   999.1
 5     996.5   994.9   996.4
 6     998.4  1001.2  1000.6
 7    1001.6  1003.0  1004.8
 8    1004.8  1004.2  1004.0
 9    1002.2   999.5   996.3
10     994.9   992.5   997.3
11    1004.5  1004.0  1002.9
12    1001.7  1001.4  1003.8
13    1004.6  1004.8  1005.1
14    1007.0  1007.8  1007.1
15    1007.9  1007.3  1008.7
16    1011.4  1009.8  1009.2
17    1006.4  1004.5  1000.9
18     996.8   993.4   994.9
19    1003.7  1007.8  1012.4
20    1016.6  1018.4  1019.1
21    1020.2  1020.3  1018.7
22    1016.7  1015.8  1014.1
23    1014.7  1014.7  1015.2
24    1015.0  1014.7  1014.7
25    1011.8  1011.0  1011.7
26    1011.7  1007.8  1005.0
27    1007.4  1005.3  1005.2
28    1005.2  1004.2  1003.1
29    1003.3  1005.4  1011.3
30    1017.2  1019.3  1019.0
31    1019.2  1017.9  1015.9
1788
August    
 1    1014.9  1011.4  1009.5
 2    1008.8  1008.1  1008.6
 3    1008.5  1008.3  1007.8
 4    1007.4  1005.9  1004.7
 5    1003.0  1001.4  1002.5
 6    1004.2  1003.7  1003.7
 7    1004.6  1004.3  1004.1
 8    1005.8  1005.2  1005.0
 9    1002.9  1001.3  1002.1
10    1003.9  1004.1  1005.8
11    1006.9  1006.2  1006.5
12    1007.3  1007.3  1009.0
13    1011.6  1009.9  1010.7
14    1014.1  1014.3  1014.6
15    1014.9  1013.4  1012.7
16    1012.8  1012.4  1011.7
17    1006.3  1006.8  1010.9
18    1012.9  1013.2  1012.2
19    1006.7  1002.6  1002.0
20    1001.9  1001.4  1001.9
21    1006.4  1007.3  1010.2
22    1012.0  1010.6  1009.8
23    1002.5   999.7   998.4
24    1004.1  1005.5  1007.4
25    1009.8  1009.0  1008.3
26    1001.7  1001.0  1000.9
27    1003.5  1004.9  1007.5
28    1010.1  1009.2  1006.5
29    1005.2  1003.7  1002.1
30    1003.7  1006.6  1006.1
31    1007.2  1009.1  1010.7
1788
September 
 1    1011.6  1009.5  1002.6
 2     996.5   996.5   998.5
 3    1000.1  1001.8  1005.7
 4    1008.7  1008.0  1006.3
 5    1004.9  1003.1  1002.0
 6    1009.2  1010.0  1011.1
 7    1013.4  1012.4  1011.0
 8    1009.1  1009.4  1008.7
 9    1007.7  1007.2  1010.7
10    1014.7  1015.3  1014.9
11    1014.1  1012.6  1010.8
12    1009.5  1008.0  1007.6
13    1008.3  1005.6  1011.6
14    1014.3  1015.7  1015.4
15    1013.4  1009.2  1005.7
16    1001.8  1001.0   997.9
17    1001.2  1004.1  1008.9
18    1012.9  1013.1  1011.2
19    1008.2  1005.4  1006.0
20    1012.9  1012.9  1013.1
21    1013.3  1013.0  1013.4
22    1011.0  1007.2  1003.2
23    1004.3  1005.3  1010.5
24    1014.6  1015.0  1015.2
25    1013.8  1010.4  1006.6
26    1001.4   996.9  1000.9
27    1009.5  1010.1  1011.2
28    1011.6  1009.3  1008.1
29    1005.1  1003.6  1003.4
30    1004.0  1006.0  1011.8
31     100.0   100.0   100.0
1788
October   
 1    1017.3  1014.6  1017.7
 2    1016.3  1016.0  1016.0
 3    1018.0  1017.6  1017.1
 4    1011.4  1005.0  1000.4
 5    1010.4  1010.8  1014.4
 6    1016.8  1014.7  1014.2
 7    1014.3  1013.2  1008.4
 8    1003.2  1002.4  1004.3
 9    1007.4  1006.3  1005.6
10    1004.7  1004.4  1004.3
11    1001.3   998.2   993.2
12     999.5   999.4  1008.0
13    1012.5  1011.3  1008.9
14    1002.6   999.9   999.5
15     995.1   992.9   999.7
16    1001.4  1001.5  1003.7
17    1004.1  1000.9   996.6
18     997.2   998.5   997.4
19    1002.2  1004.7  1010.4
20    1014.0  1011.6  1005.4
21     979.7   971.6   973.9
22     985.0   987.0   993.5
23     997.2   997.4   997.8
24     994.8   992.3   992.9
25    1003.2  1003.5  1004.0
26    1002.0  1001.1  1002.3
27    1005.7  1003.4  1000.6
28    1010.3  1010.9  1010.7
29    1012.2  1011.0  1011.9
30    1014.5  1013.3  1013.6
31    1017.5  1017.5  1020.2
1788
November  
 1    1021.4  1019.8  1016.2
 2    1018.6  1017.8  1016.8
 3    1010.5  1006.8  1007.4
 4    1011.0  1009.8  1008.0
 5    1004.5  1002.3  1002.1
 6    1003.2  1003.3  1006.9
 7    1004.1   996.5   991.4
 8     992.8   993.0  1000.6
 9    1009.6  1011.8  1018.8
10    1022.8  1023.0  1021.0
11    1007.9   999.5   996.7
12    1005.5  1006.9  1010.2
13    1012.7  1013.1  1012.0
14    1005.5  1005.8  1010.2
15    1017.1  1017.4  1019.0
16    1017.8  1011.9  1008.2
17    1013.4  1013.9  1014.2
18    1013.4  1012.2  1009.7
19    1011.4  1014.5  1017.3
20    1017.1  1013.4  1009.3
21    1013.5  1013.4  1012.3
22    1007.6  1009.6  1018.7
23    1022.6  1021.6  1014.9
24    1002.9   997.3   999.5
25    1018.4  1020.7  1024.9
26    1023.3  1021.4  1014.1
27    1007.5  1003.5  1000.1
28    1004.7  1003.8  1001.6
29     986.4   982.3   992.8
30    1005.4  1006.7  1007.1
31     100.0   100.0   100.0
1788
December  
 1     997.6   988.9   983.3
 2     991.3   993.7   996.4
 3     994.1   993.5   993.4
 4     995.3   995.2   998.9
 5    1000.1   998.9  1001.2
 6    1007.7  1008.2  1008.6
 7    1007.0  1003.9  1002.9
 8    1006.1  1008.9  1013.5
 9    1004.0   993.5   989.7
10     988.9   988.9   999.9
11    1009.5  1009.9  1013.7
12    1014.1  1009.8  1004.3
13    1008.4  1010.1  1011.0
14    1009.6  1007.0  1003.4
15     995.9   994.1   998.6
16     999.7   997.6   997.6
17    1000.8  1001.3  1001.0
18    1000.4  1001.4  1002.1
19     998.1   994.7   993.1
20     990.5   990.7   991.9
21     992.6   992.5  1002.4
22    1015.6  1015.5  1014.4
23    1008.3  1006.3  1005.2
24    1006.9  1007.9  1013.6
25    1019.4  1018.5  1018.8
26    1020.5  1021.3  1021.0
27    1023.2  1024.0  1024.4
28    1019.6  1012.4  1000.8
29     991.8   992.7   996.9
30     998.4   995.3   999.0
31     994.3   992.9  1001.4
1789
January   
 1    1014.2  1017.9  1023.3
 2    1026.6  1026.7  1027.0
 3    1024.9  1019.9  1013.5
 4     990.4   988.3   993.7
 5     996.4   996.7  1001.2
 6    1001.6  1001.7  1008.1
 7    1012.7  1013.1  1007.9
 8    1000.6   999.5  1001.8
 9    1010.2  1010.6  1014.8
10    1016.7  1014.2  1011.7
11    1008.4  1007.2  1010.6
12    1007.8  1004.8  1000.8
13    1002.5  1000.5   996.8
14     982.3   982.1   987.8
15     996.8   995.9   997.2
16    1007.0  1007.3  1009.5
17    1003.4   999.1   997.8
18    1003.8  1003.1  1002.6
19     999.7   998.8   997.6
20     990.0   986.7   982.6
21     997.6   999.2  1009.1
22    1011.9  1009.5  1010.6
23    1018.7  1016.9  1018.2
24    1014.6  1009.4  1007.4
25    1004.2  1000.7   996.0
26     998.8  1000.4  1005.2
27    1004.2  1005.2  1010.8
28    1016.6  1017.1  1014.6
29     994.5   992.5   990.5
30    1006.1  1008.4  1011.8
31     996.8   997.0  1004.9
1789
February  
 1    1012.0  1014.4  1020.9
 2    1024.0  1022.5  1020.9
 3    1012.2  1010.7  1014.5
 4    1017.4  1016.7  1016.8
 5    1023.1  1023.0  1023.8
 6    1018.8  1013.7  1010.8
 7    1011.4  1011.8  1013.6
 8    1013.4  1010.5  1003.4
 9     988.1   989.3  1000.0
10    1006.4  1006.6  1005.1
11    1003.3  1002.7  1002.3
12     999.1   997.3   997.0
13     998.6   998.1  1000.6
14    1002.7  1002.6  1006.2
15    1008.5  1007.8  1006.9
16    1003.7   999.1   997.8
17     996.7   996.6  1004.2
18    1009.9  1010.0  1012.7
19    1011.4  1010.3  1009.3
20    1007.2  1006.9  1007.4
21    1014.6  1016.5  1017.1
22    1009.3  1002.9  1003.1
23    1009.3  1007.0  1006.0
24    1007.9  1007.7  1011.2
25    1013.3  1012.6  1014.9
26    1019.4  1017.7  1016.3
27    1009.3  1007.1  1009.1
28    1020.9  1021.7  1020.0
29     100.0   100.0   100.0
30     100.0   100.0   100.0
31     100.0   100.0   100.0
1789
March     
 1     999.2   997.0  1007.4
 2    1019.1  1019.4  1020.0
 3    1018.7  1013.2   994.0
 4    1002.3  1007.8  1016.1
 5    1022.3  1020.1  1015.5
 6    1013.3  1012.3  1008.5
 7     989.6   985.8   990.1
 8    1008.1  1009.0  1010.8
 9    1013.7  1013.3  1017.2
10    1022.0  1021.7  1021.4
11    1022.1  1021.0  1018.8
12    1013.1  1008.5  1004.5
13    1004.7  1003.5  1004.0
14    1008.4  1010.9  1019.1
15    1024.4  1022.7  1020.3
16    1011.2  1006.0  1006.2
17    1010.7  1011.4  1015.1
18    1019.5  1018.1  1015.0
19     998.1   996.7  1000.8
20    1005.6  1005.8  1009.9
21    1012.6  1011.2  1012.2
22    1002.8   995.9   997.1
23    1004.9  1005.1  1009.8
24    1012.8  1012.1  1012.1
25    1012.1  1010.1  1010.9
26    1013.4  1014.2  1015.3
27    1017.7  1016.3  1014.8
28    1012.6  1008.9   998.1
29     991.7   994.1  1001.6
30    1003.6  1001.3   995.6
31     997.2   998.6  1000.7
1789
April     
 1     999.4   997.7   997.2
 2     999.0  1000.0  1004.1
 3    1005.4  1002.6   998.7
 4     998.8   998.4  1002.2
 5    1004.8  1005.8  1008.8
 6    1007.6  1006.1   998.9
 7     973.1   969.1   980.0
 8     988.2   989.9   997.3
 9    1003.4  1003.2  1005.9
10    1001.5   994.2   983.3
11     988.5   990.3   995.3
12     996.7   996.1  1000.0
13    1005.6  1004.3  1006.6
14    1010.1  1006.6  1002.1
15     993.1   992.8  1003.6
16    1010.7  1008.9  1006.7
17    1008.2  1007.6  1010.2
18    1014.5  1011.9  1011.9
19    1008.2  1001.8   996.5
20     999.9   999.2   998.2
21     998.5   998.3  1000.3
22    1003.9  1002.6  1003.3
23    1003.9  1003.2  1001.9
24     989.0   985.9   985.9
25     988.6   988.9   992.2
26     993.0   992.0   994.1
27     993.4   991.3   992.5
28     993.2   992.9   995.2
29     995.2   995.9   998.4
30     997.8   998.4  1002.0
31     100.0   100.0   100.0
1789
May       
 1    1003.1  1002.7  1002.1
 2    1000.5   998.8   998.5
 3    1000.5   999.3  1004.1
 4    1008.9  1007.4  1006.2
 5    1001.2   999.3   999.1
 6     999.4   999.3  1004.3
 7    1006.0  1003.4  1005.7
 8    1002.7   999.4  1000.9
 9    1007.8  1008.9  1012.0
10    1011.8  1009.8  1006.8
11    1006.3  1006.2  1005.9
12    1006.0  1005.6  1009.9
13    1017.5  1017.0  1015.2
14    1009.9  1011.2  1010.3
15    1013.7  1013.7  1011.4
16    1006.2  1000.1   997.3
17    1001.1   999.7  1000.6
18    1002.0  1001.5  1002.4
19    1005.1  1006.0  1005.7
20    1004.2  1003.5  1004.7
21    1006.2  1004.2  1001.2
22    1002.5  1002.1  1003.8
23    1005.4  1004.8  1006.6
24    1008.1  1006.6  1004.1
25    1005.8  1006.6  1009.1
26    1012.7  1013.0  1012.3
27    1009.9  1007.9  1006.9
28    1007.7  1008.8  1009.3
29    1007.6  1006.2  1002.3
30     995.5   991.6   996.8
31    1002.9  1002.9  1003.0
1789
June      
 1    1006.5  1005.1  1004.8
 2    1006.0  1004.3  1002.9
 3    1004.0  1005.8  1011.6
 4    1016.9  1016.5  1016.0
 5    1015.4  1011.7  1006.2
 6    1003.4  1001.4  1001.8
 7    1003.8  1003.2  1004.9
 8    1006.0  1005.6  1005.4
 9    1006.6  1006.2  1006.7
10    1006.9  1007.9  1007.0
11    1003.3  1003.1  1003.5
12    1005.1  1004.6  1004.1
13    1004.5  1004.4  1005.1
14    1004.4  1002.0   998.8
15     992.3   994.4   998.3
16     999.8   998.7  1001.8
17    1005.6  1004.6  1005.0
18    1006.9  1005.7  1003.8
19    1002.2  1000.0   998.8
20    1000.0  1000.0  1001.0
21    1001.9  1001.0  1001.1
22    1002.1   999.7   995.4
23     988.2   987.6   993.8
24    1000.5   999.1  1000.5
25    1001.7  1001.2  1002.3
26    1003.4  1002.5  1006.9
27    1010.6  1010.7  1010.7
28    1010.9  1009.1  1008.4
29    1007.4  1004.7  1003.2
30    1003.5  1002.8  1003.6
31     100.0   100.0   100.0
1789
July      
 1    1004.5  1003.1  1004.9
 2    1007.2  1006.2  1006.9
 3    1007.6  1008.9  1009.5
 4    1010.0  1011.3  1012.0
 5    1009.8  1009.2  1008.9
 6    1008.4  1008.7  1008.9
 7    1009.4  1009.1  1007.8
 8    1006.6  1004.6  1003.0
 9    1002.0  1000.1   999.3
10     999.1   998.7  1003.3
11    1005.5  1005.8  1005.4
12    1003.5   999.8   995.3
13     992.4   990.2   991.7
14     992.8   995.5  1000.6
15    1003.6  1005.0  1005.1
16    1010.0  1010.0  1010.6
17    1010.0  1009.9  1010.5
18    1010.4  1009.0  1006.9
19    1005.7  1003.1  1002.2
20    1002.1  1003.4  1003.6
21    1008.5  1009.1  1010.2
22    1012.4  1012.9  1013.7
23    1013.6  1012.5  1010.5
24    1007.2  1003.7  1003.4
25    1008.1  1010.3  1009.0
26    1009.3  1008.3  1007.7
27    1008.1  1008.2  1007.7
28    1008.2  1008.3  1008.8
29    1010.1  1008.2  1009.6
30    1010.9  1011.2  1014.5
31    1009.7  1006.2  1003.5
1789
August    
 1    1003.5  1003.2  1004.1
 2    1004.9  1005.9  1007.4
 3    1009.2  1009.7  1008.4
 4    1006.5  1006.2  1006.2
 5    1003.8  1004.8  1006.5
 6    1005.4  1005.6  1006.8
 7    1008.8  1008.8  1008.7
 8    1009.0  1008.1  1007.1
 9    1006.9  1005.2  1003.8
10    1003.7  1002.9  1001.6
11    1001.9   999.4   999.9
12     999.3   999.7   998.8
13     999.6  1000.3  1001.5
14    1005.5  1005.5  1003.2
15    1001.3  1001.0  1000.6
16     999.4   996.2   991.5
17     993.8   996.3  1002.2
18    1006.2  1006.8  1009.2
19    1013.3  1013.3  1012.9
20    1013.2  1012.9  1013.4
21    1017.5  1018.4  1018.8
22    1019.7  1019.0  1018.4
23    1018.1  1017.6  1016.9
24    1015.9  1014.0  1012.9
25    1010.1  1008.4  1006.2
26    1004.9  1004.5  1003.6
27    1003.2  1001.0   999.7
28    1001.8  1002.3  1002.2
29    1000.5   996.4   994.5
30     994.6   994.2  1001.5
31    1004.7  1004.3  1006.2
1789
September 
 1    1008.2  1006.8  1004.2
 2     995.7   993.2   991.3
 3     993.1   995.8  1000.2
 4    1001.6  1001.4  1002.2
 5    1002.2  1001.8  1004.1
 6    1006.9  1008.5  1012.4
 7    1016.5  1018.1  1018.7
 8    1021.4  1022.1  1020.9
 9    1020.1  1018.6  1016.7
10    1013.5  1009.9  1006.3
11    1005.2  1005.5  1006.0
12    1005.8  1004.1  1002.9
13     999.6   999.3  1003.1
14    1007.1  1007.5  1006.6
15    1003.7  1001.4   999.4
16    1005.7  1008.2  1009.4
17    1010.6  1013.5  1012.2
18    1011.5  1010.4  1009.4
19    1015.6  1017.4  1017.6
20    1017.7  1013.2  1009.2
21    1003.4  1003.2  1003.7
22    1008.2  1010.8  1012.1
23    1013.3  1011.9  1010.7
24    1010.2  1009.4  1010.1
25    1011.0  1010.5  1009.1
26    1005.9  1004.6  1004.9
27    1009.2  1011.3  1007.2
28    1001.8  1003.1  1004.9
29    1005.2  1002.5  1000.7
30    1000.1  1000.4  1001.1
31     100.0   100.0   100.0
1789
October   
 1    1003.0  1002.6  1004.3
 2    1005.5  1005.4  1011.1
 3    1014.2  1013.5  1013.4
 4    1010.8  1009.1  1005.4
 5     999.7   999.6   998.9
 6     995.4   993.7   994.3
 7     995.3   996.4  1001.0
 8    1002.9  1001.9  1002.0
 9    1007.2  1008.1  1010.4
10    1009.7  1005.2  1003.9
11     998.0   997.2   999.1
12     999.7   999.9  1001.6
13    1002.2  1004.7  1004.1
14    1001.6  1002.8  1005.0
15    1000.5   996.8   993.2
16     993.2   994.3   999.4
17    1003.8  1003.7  1006.4
18    1008.5  1008.0  1006.8
19    1004.2  1004.7  1006.1
20    1007.5  1003.6  1003.2
21    1003.5  1002.4  1001.6
22    1002.9  1004.2  1013.3
23    1019.1  1019.7  1021.0
24    1022.7  1019.9  1012.7
25    1004.0  1004.3  1004.7
26    1003.5  1000.3   991.2
27     982.5   981.5   984.4
28     990.9   993.0  1000.2
29    1003.2  1001.9  1001.2
30    1001.1  1002.1  1003.2
31    1002.2   999.8   999.7
1789
November  
 1    1008.5  1010.1  1011.7
 2    1010.7  1007.8  1007.4
 3    1002.6   998.7   987.7
 4     989.8   992.5   999.8
 5    1007.6  1008.8  1013.6
 6    1017.9  1017.2  1017.8
 7    1017.7  1015.3  1012.9
 8    1014.0  1016.8  1019.3
 9    1018.4  1014.9  1011.4
10    1004.1  1001.8  1002.0
11    1008.6  1010.7  1010.9
12    1010.8  1011.4  1012.5
13    1012.7  1009.9  1003.7
14    1002.2  1000.3  1007.4
15    1011.7  1011.1  1008.2
16    1004.1  1002.7  1002.7
17    1007.7  1010.2  1018.9
18    1027.2  1027.6  1029.0
19    1029.4  1021.4   985.6
20    1018.1  1017.0  1014.1
21    1007.0  1003.4   996.3
22     985.3   980.5   976.9
23     984.1   988.3  1002.1
24    1014.1  1015.2  1018.5
25    1019.1  1018.1  1015.0
26    1005.8  1001.3   998.9
27    1004.5  1005.3  1008.9
28    1014.3  1014.2  1014.5
29    1010.1  1008.0  1004.2
30     994.0   989.6   979.3
31     100.0   100.0   100.0
1789
December  
 1     976.6   979.3   984.8
 2     988.1   989.2   993.7
 3     996.2   993.7   998.4
 4    1005.8  1006.2  1011.6
 5    1016.1  1014.6  1014.7
 6    1008.9  1005.9  1006.4
 7     997.1   995.4   995.6
 8    1003.1  1004.0  1009.1
 9    1011.8  1012.1  1017.0
10    1019.3  1015.8  1014.2
11    1012.1  1008.1   992.6
12     979.5   986.4   999.7
13    1005.8  1007.2  1013.2
14    1019.5  1018.6  1023.7
15    1021.0  1019.1  1016.0
16    1013.2  1011.5  1011.6
17    1008.9  1011.8  1011.9
18    1008.7  1005.1  1005.5
19    1004.7  1004.8  1006.5
20    1004.3  1003.7  1007.4
21    1012.7  1013.2  1017.6
22    1020.5  1020.0  1020.3
23    1020.1  1016.9  1014.8
24    1009.5  1005.8  1005.2
25    1009.7  1010.6  1014.3
26    1012.4  1009.4  1006.8
27    1004.8  1002.9  1002.2
28     998.8   999.2  1007.8
29    1005.1   999.4  1001.0
30    1014.6  1017.9  1018.6
31    1012.7  1008.1   998.6
