1786
January   
 1    -12.22  -10.56   -9.72  -15.56   -6.50  -13.06
 2     -9.72   -6.67   -5.00   -9.72   -3.44   -5.39
 3     -1.11   -1.11   -2.78    0.00   -5.28   -3.56
 4     -1.94    0.00   -0.28   -3.61    0.44   -6.00
 5     -2.22   -0.83    0.00   -3.33   -0.78   -0.11
 6     -0.56    0.00    0.56   -4.44    0.11   -2.89
 7     -2.78   -3.06   -5.28   -6.11   -6.11   -7.94
 8     -8.33   -6.56   -5.56  -15.28   -5.56  -12.78
 9     -7.78   -3.22   -1.94   -7.39   -0.56   -4.00
10     -4.72   -3.89   -2.50   -8.06   -2.22   -2.78
11     -3.89   -1.67   -0.28   -3.33    1.67   -2.22
12     -4.72   -2.78   -0.56  -10.00    1.61   -0.56
13     -8.06   -5.56   -6.11  -13.89   -7.39  -13.89
14    -11.94   -9.44   -6.67  -15.56   -3.89   -8.06
15     -5.56   -3.89   -3.61   -6.67   -0.56   -8.33
16     -5.56   -3.89   -5.28   -9.72   -3.22  -13.06
17    -10.56   -9.44  -10.56  -18.06  -13.00  -21.67
18    -16.67  -14.44  -12.50  -25.56  -15.00  -18.06
19    -16.39   23.89  -12.22  -22.22  -13.44  -18.89
20    -17.22  -14.44  -10.56  -22.78   -8.22   -9.78
21     -7.22   -4.44   -0.28   -2.22    0.56    5.00
22      5.83    7.78    7.22    8.06    9.00    6.39
23      7.50    7.22    3.06    7.11    5.11   -1.11
24     -2.22    0.00    1.11  -99.90    1.11   -0.72
25      1.67    3.33    4.33    1.67    5.56    2.56
26      1.11    1.67    1.67   -0.83    2.11   -2.11
27     -5.00   -3.33   -2.22   -9.44   -5.00   -8.44
28     -6.67   -0.56    1.67   -8.89    3.17    1.67
29      1.11    9.44    4.72   -1.11    7.78    0.22
30      2.78    3.33    9.56    1.94    4.28   11.11
31      7.50    7.78    0.83    6.39    5.00   -7.89
1786
February  
 1     -6.39   -4.44   -3.61  -11.39   -6.11   -6.11
 2     -5.00   -4.17   -4.72   -6.67   -4.61   -8.89
 3     -4.89   -4.72   -0.56   -9.72   -0.78    1.67
 4     -0.83    0.56    0.83   -1.28    2.00   -3.56
 5     -0.28    1.11    0.56    0.28    1.39   -1.44
 6      0.00    0.72    0.00   -1.11    1.00   -1.67
 7     -1.67    0.28    1.39   -2.22    2.50    1.94
 8      1.11    3.89    4.44    1.67    4.44    1.33
 9      1.67    6.11    5.00    1.11    7.22    0.33
10      4.44    7.78    5.56    4.72    9.44   -0.56
11     -4.17   -4.44   -5.56  -11.11   -8.89  -10.56
12     -8.89   -6.11   -3.89  -13.44   -5.28   -8.33
13     -7.50   -3.61   -1.67  -12.78   -3.06   -5.00
14     -3.89   -3.06   -3.61   -6.22   -5.56   -5.83
15     -4.72   -0.56    2.50   -7.06    2.78   -1.67
16      1.11    3.61    3.61   -1.00    6.67    0.44
17      1.67    4.72    4.44   -1.39    6.67    0.56
18      3.89    6.67    6.67    2.78    7.78    6.11
19     -0.83   -0.56   -1.67   -5.83   -4.33   -5.56
20     -3.33   -1.67   -1.11   -3.89   -1.33   -8.67
21     -3.89   -0.83    0.00   -5.72   -0.44   -3.17
22     -4.44    0.00    1.11   -7.22    2.67   -0.06
23     -1.67   -1.67   -3.33   -7.11   -4.44  -10.89
24     -4.17   -3.89   -4.17   -4.61   -6.11   -8.78
25     -8.06   -3.89   -2.78  -14.44   -2.89  -10.00
26     -7.50   -1.67    0.56  -11.67    1.89   -4.17
27     -2.22    2.78    3.89   -7.22    8.22    1.33
28      1.11    3.33    3.33   -1.94    3.28   -2.78
29    -99.90  -99.90  -99.90  -99.90  -99.90  -99.90
30    -99.90  -99.90  -99.90  -99.90  -99.90  -99.90
31    -99.90  -99.90  -99.90  -99.90  -99.90  -99.90
1786
March     
 1      0.00    2.22    2.22   -1.67    4.28   -1.39
 2      1.67  -99.90    2.11    0.83    1.11    0.94
 3      2.78    5.56    5.00    2.50    7.67    2.67
 4      3.61    5.83    3.61    2.22    7.22    1.56
 5      1.67    2.22    2.22    0.28    3.89    2.00
 6      0.83    1.94    1.67    0.00    3.06   -2.78
 7     -0.83    2.22    3.33   -2.78    6.39   -2.22
 8     -1.11    2.78    3.78   -3.89    7.11   -1.11
 9      1.56    4.44    5.00   -1.28    6.67    1.11
10      1.50    2.22    0.83   -2.22    1.11   -2.78
11     -3.89   -1.67   -0.56   -7.78   -0.56   -3.39
12     -1.67    2.22    4.44   -3.33    5.56    1.00
13      1.11    4.72    5.56   -0.67   12.33   -0.56
14      2.22    5.56    5.56   -1.67    6.39   -1.00
15      1.67    6.39    3.33   -1.67    5.00    0.28
16      2.78    3.89    4.44    1.67    3.89    1.89
17      3.89    6.94    7.22    1.67    9.72    5.83
18      5.00    8.06    8.17    1.39    9.56    2.33
19      4.72    8.89    7.50    1.50   10.00    1.28
20      3.89    4.44   14.72   -1.11    6.67    0.94
21      2.22    3.33    2.78    0.56    3.44    0.67
22      2.78    8.33   10.00    3.06   14.44    7.89
23      6.11   10.56    8.61    3.89   11.94    4.11
24      1.67    3.89    5.83    0.00    5.00    4.56
25      7.22   16.11   15.83    8.06   18.89   12.78
26     12.50   19.44   18.89   12.78   25.00   13.33
27     11.94   10.56    3.89    3.33    8.00    3.22
28      4.44    7.22    7.22    0.28    7.67    2.78
29      5.83    9.17   11.11    5.28   11.11    7.89
30      9.44   15.00   14.44    8.61   19.44   11.28
31      9.72    7.78    6.39    5.00    3.33    2.78
1786
April     
 1      1.39    0.56    0.00   -3.17   -0.89   -3.33
 2     -0.56    0.00   -0.56   -0.67   -2.28   -2.22
 3     -1.11    3.22    3.33   -2.22    6.67    1.11
 4      3.89    8.06    8.33    4.44   13.33    2.78
 5      5.00    6.67    7.22    3.06   10.00    2.56
 6      4.44    6.11    7.78    5.00    9.17    3.89
 7      6.00    6.11    6.00    4.17    7.78    3.33
 8      4.17    6.11    8.06    0.00    7.22    4.22
 9      5.00    5.00    5.56    2.50    3.06    1.22
10      1.94    5.56    8.89   -1.67    8.78    6.28
11      7.22   11.11    9.44    4.44   12.22    4.33
12      6.11   11.67   11.67    0.56   16.11    6.22
13      8.33    9.44    7.78    5.00    9.44    0.56
14      4.44   11.00   13.06    0.28   17.67   15.11
15      7.78    9.44    8.89    3.89    9.44    4.17
16      6.22   14.44   12.22    6.28   18.33    8.61
17     11.11   14.17   13.06    9.44   16.11    8.33
18      8.89    8.33    7.22    6.11    6.89    4.56
19      6.11    6.67    7.22    4.44    6.11    6.11
20      6.56    6.67    6.39    5.44    6.11    4.89
21      6.67    7.22    6.39    7.22    6.11    4.61
22      6.11    7.22    8.06    4.61    7.78    7.22
23      7.22    8.89    9.06    5.83   10.00    6.67
24      8.06    8.89    8.06    7.22    8.00    5.83
25      7.78    9.72   11.67    6.67   11.94   12.11
26     10.56   11.11   11.11   11.67   15.00    7.78
27      8.89   11.11   11.11    9.44   12.78    8.61
28      9.44   15.56   13.89   12.22   20.28    7.78
29     10.00   11.67   10.56    9.17   13.44    6.39
30      8.06   10.83   11.11    5.28   12.50   10.67
31    -99.90  -99.90  -99.90  -99.90  -99.90  -99.90
1786
May       
 1     11.11   12.78   12.22   11.11   14.17    9.17
 2     11.67   14.44   12.78   11.39   15.44   11.11
 3     11.67   15.56   15.00    0.28   16.67   11.67
 4     12.78   14.44   14.17   11.22   16.00   10.00
 5     11.67   14.44   13.06   12.22   16.67    7.44
 6     10.56   11.11    9.44    9.78    9.89    6.67
 7     10.00   11.11   11.11    9.44   11.67    8.44
 8     10.83   13.33   12.22   12.50   17.78    8.89
 9     11.94   13.89   11.67   11.67   13.89    8.89
10     11.11   12.22   11.67   11.39   13.33    8.78
11     11.11   14.44   12.22   12.22   16.39    6.94
12      9.44   12.22   11.67    7.78   12.56    9.89
13     12.22   15.83   14.72   12.89   20.56   12.78
14     14.44   18.89   24.44   13.61   22.89   17.22
15     16.67   17.22   14.44   14.17   16.28   11.11
16     11.67   12.22   11.39    8.89   13.61    7.78
17     10.00   10.28   10.28    9.33   10.83    6.94
18     10.56   15.00   15.56   10.00   21.94   12.50
19     13.33   16.11   14.44   13.33   15.83    8.89
20     11.67   15.00   13.61    8.33   18.11   12.67
21     13.06   15.56   14.44   13.33   17.11   12.22
22     13.61   17.22   16.67   14.17   20.00   13.89
23     15.00   17.78   16.67   13.89   21.67   13.33
24     16.11   19.17   18.61   15.00   23.61   16.50
25     17.50   19.72   17.67   17.78   23.61   11.67
26     15.00   16.39   15.00   13.89   18.06   11.11
27     14.33   16.67   16.89   15.22   17.61   15.56
28     16.67   18.61   17.22   17.78   19.56   13.06
29     16.39   18.89   19.17   16.78   20.78   16.67
30     16.67   18.33   17.22   13.89   22.78   14.17
31     16.39   18.61   18.89   15.28   22.44   14.44
1786
June      
 1     18.33   21.11   19.44   19.44   23.89   15.83
 2     18.89   25.00   22.11   17.22   26.67   23.22
 3     21.67   27.22   26.67   22.22   31.11   25.56
 4     25.00   29.44   23.06   26.00   33.61   19.17
 5     21.11   19.44   19.44   17.78   22.56   16.11
 6     20.56   26.67   24.44   21.39   30.56   23.89
 7     23.33   26.11   23.33   23.33   30.00   22.22
 8     23.89   28.61   25.56   22.78   30.56   25.28
 9     23.33   21.67   19.72   16.67   21.22   14.44
10     15.56   18.33   17.50   14.56   20.11   15.56
11     17.22   21.11   21.11   18.06   24.44   19.44
12     21.11   23.89   21.67   20.89   26.39   18.44
13     18.61   21.67   20.28   17.61   24.89   15.00
14     18.33   21.11   21.39   18.22   24.17   19.56
15     17.78   20.00   19.72   15.28   22.78   16.50
16     18.33   20.56   19.44   15.56   23.89   17.78
17     18.89   23.33   24.72   20.00   26.33   23.33
18     24.44   26.44   24.44   24.22   27.22   23.89
19     23.61   26.67   25.00   22.89   29.89   21.11
20     21.94   23.61   22.22   18.61   24.44   17.78
21     19.44   21.11   21.00   16.67   22.50   18.33
22     20.56   21.67   20.56   18.89   23.61   17.78
23     19.44   24.17   21.39   16.67   27.78   18.89
24     20.28   21.67   21.94   18.33   24.56   20.00
25     22.22   26.67   26.67   22.67   29.44   25.00
26     25.00   25.56   22.22   25.00   26.94   16.94
27     19.44   21.39   22.22   16.39   23.56   19.17
28     20.00   22.78   22.50   18.22   26.11   19.00
29     20.83   24.72   22.78   19.56   26.67   20.67
30     20.00   22.78   20.83   17.22   25.28   15.67
31    -99.90  -99.90  -99.90  -99.90  -99.90  -99.90
1786
July      
 1     18.33   20.83   22.22   14.44   23.11   22.33
 2     20.56   28.33   28.06   20.56   30.83   25.33
 3     24.44   23.33   22.78   22.78   24.06   22.50
 4     19.06   21.11   20.83   16.78   25.83   15.00
 5     18.89   20.83   21.11   15.39   22.78   18.22
 6     18.89   21.11   20.00   21.00   23.61   15.00
 7     18.89   21.11   23.17   20.83   22.78   21.11
 8     22.22   28.06   24.44   21.94   30.83   22.78
 9     23.89   25.28   23.61   23.06   26.94   18.33
10     20.00   25.00   24.72   18.56   27.22   19.44
11     22.50   29.00   24.44   22.22   30.28   22.33
12     23.33   26.11   23.33   24.17   27.78   16.94
13     21.67   22.78   20.56   19.44   25.00   15.11
14     18.89   22.22   23.33   18.61   27.22   22.17
15     24.44   26.67   26.22   23.06   28.89   22.33
16     23.61   29.44   26.22   24.17   31.11   24.94
17     23.89   23.33   21.56   21.39   23.22   15.67
18     17.22   18.06   17.67   15.00   15.56   15.67
19     17.22   21.67   20.83   16.78   21.67   19.17
20     20.00   22.22   20.78   19.72   26.22   17.78
21     20.00   22.50   20.72   18.44   25.00   16.56
22     22.78   25.56   23.33   24.44   27.89   21.56
23     23.33   27.22   24.44   23.33   32.22   21.00
24     22.50   23.89   21.39   20.28   25.00   17.06
25     20.00   22.78   21.94   19.44   25.00   18.89
26     20.00   22.78   23.33   19.17   26.67   21.11
27     21.11   26.67   23.06   23.89   29.22   19.44
28     19.89   21.11   19.72   17.78   22.78   13.89
29     18.06   20.56   19.44   16.67   24.17   13.89
30     18.33   22.78   21.11   20.00   24.22   17.22
31     19.44   21.11   20.56   19.17   24.11   17.78
1786
August    
 1     18.89   20.00   20.00   19.44   18.89   15.56
 2     18.33   18.89   19.06   15.72   18.22   19.00
 3     18.89   21.11   22.22   19.17   24.78   20.56
 4     21.11   26.11   23.89   21.39   28.33   22.22
 5     23.33   27.33   24.44   23.22   29.22   23.33
 6     23.89   28.89   25.28   23.89   32.22   22.72
 7     21.67   23.33   22.22   19.33   26.94   16.67
 8     19.72   23.06   22.78   16.94   25.56   16.67
 9     20.56   22.22   21.94   17.78   27.78   18.61
10     20.00   20.56   20.00   18.89   21.56   15.33
11     16.39   23.06   23.33   15.28   27.78   21.67
12     21.11   22.78   21.67   19.44   23.06   18.06
13     18.89   21.11   20.56   17.22   24.17   16.94
14     18.33   18.33   17.33   15.44   19.89   15.00
15     16.67   20.00   20.83   15.00   25.56   17.22
16     18.89   23.06   21.11   18.33   26.11   17.22
17     19.44   22.22   21.67   18.89   28.61   18.61
18     20.00   21.67   21.11   17.22   26.56   17.94
19     19.44   21.11   20.56   18.78   24.44   18.33
20     19.17   25.00   25.56   18.89   28.33   23.06
21     23.06   28.17   26.11   20.56   31.11   25.22
22     25.00   28.33   23.61   23.33   29.44   17.22
23     19.72   21.94   23.61   16.28   23.06   23.61
24     20.83   21.67   20.00   16.39   23.89   15.44
25     15.56   19.44   18.89   13.89   21.78   14.56
26     17.50   19.17   20.00   17.11   19.17   18.61
27     20.56   20.00   18.61   19.17   20.00   12.78
28     14.72   20.00   17.22    9.89   19.44   15.56
29     16.56   19.17   21.11   16.39   21.39   21.11
30     16.78   16.67   16.00   13.06   18.89   10.39
31     13.06   15.00   15.00    9.44   16.94   12.67
1786
September 
 1     13.33   16.67   17.78    7.50   21.11   13.06
 2     15.56   21.11   20.83   14.44   23.33   19.89
 3     20.56   23.89   23.61   20.28   25.83   23.33
 4     21.67   21.11   18.33   19.17   23.89   16.11
 5     17.50   18.33   20.00   15.56   20.44   21.00
 6     20.56   21.11   20.00   20.78   24.44   16.67
 7     16.67   21.11   17.78   15.00   23.89   12.56
 8     13.33   16.11   16.11    8.22   18.89   12.44
 9     13.33   17.78   18.89   13.33   21.39   15.28
10     16.11   21.11   19.89   13.06   25.44   16.89
11     18.33   22.78   20.00   18.22   27.22   17.22
12     17.22   16.39   15.56   14.11   14.44   10.22
13     12.22   15.00   15.56    8.33   17.78    9.72
14     10.56   13.89   15.00    6.94   16.67   10.00
15     12.78   19.44   20.00   12.22   22.78   16.11
16     16.11   18.33   17.50   14.89   20.28   12.39
17     14.44   18.33   17.78   11.11   22.22   15.00
18     15.00   17.78   17.78   16.67   22.50   16.22
19     17.78   18.61   18.61   16.67   19.56   17.22
20     18.33   20.56   21.11   17.44   23.33   18.89
21     18.89   22.22   21.11   16.67   26.78   18.44
22     17.22   17.78   16.67   13.89   16.00   13.33
23     15.56   16.67   16.39   14.44   16.11   13.33
24     12.22   12.78   13.33    7.50   15.00    6.89
25      9.44   14.44   15.56    1.94   17.78   10.83
26     13.89   20.56   18.61   10.56   24.44   15.28
27     20.56   19.44   20.56   13.33   23.00   18.50
28     20.00   25.00   23.89   19.17   28.33   23.61
29     18.61   21.67   18.89   15.56   24.44   14.17
30     16.67   23.06   22.50   14.17   26.00   19.11
31    -99.90  -99.90  -99.90  -99.90  -99.90  -99.90
1786
October   
 1     20.56   35.83   23.89   18.89   27.11   20.56
 2     21.94   25.83   21.78   21.67   26.78   18.61
 3     19.44   19.44   17.50   14.17   19.94   14.67
 4     17.22   19.17   20.56   16.39   22.50   20.28
 5     20.56   23.61   22.22   21.00   26.39   21.67
 6     21.67   20.83   18.89   21.94   18.22   15.56
 7     12.78   15.28   13.61    9.72   16.56   10.28
 8      9.44   15.00   13.89    6.11   16.33   11.67
 9     13.33   18.06   16.94   11.67   20.56   10.00
10     10.83   13.33   15.00    5.00   15.56    7.89
11     11.11   18.33   18.33    4.72   21.11   16.11
12     16.11   21.11   22.22   15.56   26.11   19.72
13     16.67   18.33   17.50   10.00   19.56   12.22
14     11.67   13.89   19.44    6.11   15.83   11.67
15     15.56   21.11   20.56   15.00   23.33   17.78
16     18.89   23.89   21.11   16.39   25.89   18.61
17     18.89   20.83   16.11   18.33   17.67    8.89
18     10.28   10.56   10.00    2.22    9.06    2.72
19      5.28    8.33   10.00   -1.94   12.22    6.56
20      8.89   12.22   13.33    7.50   16.89   11.94
21     11.94   12.22   11.11    9.17   13.33    6.83
22      7.78    7.78    7.78    5.00    8.61    5.83
23      4.44    8.33    9.44   -1.94   12.11    8.33
24     10.00   12.06   11.11    7.22   15.83    5.67
25      6.67   11.83   13.89    1.11   15.11   12.78
26     13.33   17.78   17.22   12.78   22.22   16.22
27     15.00   13.89   12.22   10.28   12.22    6.67
28      8.33   12.78   12.50    3.89   14.44    9.44
29      9.44   12.22   11.67    6.94   13.61    5.22
30      7.22    5.00    4.06    1.94    3.61   -0.56
31      2.78    4.17    5.28   -2.22    5.17   -1.67
1786
November  
 1      2.22    3.89    4.44   -1.39    5.00   -1.39
 2     -0.56    2.50    5.00   -4.44    5.00   -0.33
 3      4.17    6.67    9.72    3.06   10.83    9.17
 4      5.56    8.61    7.78    3.33   10.00    3.89
 5      5.00    8.33   10.00    3.33   12.89    7.22
 6      6.11    8.33    9.44    0.00    9.17    5.72
 7      7.78   13.61   13.89    6.11   16.11    9.83
 8     11.39   12.22   10.28    5.56   10.83    5.56
 9      8.33    8.33    8.22    5.28    7.50    6.39
10      9.44   13.33   12.22    7.22   16.50    6.39
11      8.33    9.17    8.06    1.94    8.22   -0.33
12      3.89   10.56   11.11    0.56   13.72   10.56
13      8.33    7.78    6.94    2.50    6.44    0.28
14      3.33    4.44    6.11   -0.83    8.89    5.00
15      5.00    7.78    6.67    2.61   10.83    5.00
16      3.33    5.00    6.67    1.94    5.83   -0.67
17     -0.28    0.56    2.22   -2.50    0.83    1.94
18     -0.56   -1.67   -1.22   -4.72   -3.33   -6.94
19     -6.39   -5.00   -3.61   -8.89   -3.89   -7.22
20     -3.33    0.56    2.22   -5.56    2.50    2.78
21      0.56    3.33    2.78   -1.39    4.44   -1.11
22      0.56    1.67    1.67   -1.94    3.33   -1.00
23      0.00    0.28    0.56   -3.33   -1.39   -2.22
24     -0.56    1.11    0.83   -2.78    0.56   -5.67
25     -3.78    0.56    1.11   -7.22    1.67   -4.56
26     -4.44   -5.00   -4.17   -7.50   -6.94  -12.78
27     -6.39    1.67    3.33   -3.33    5.56    4.72
28     -3.33   -6.67   -9.17  -14.44  -12.78  -14.56
29    -11.94  -10.00   -8.61  -15.39   -7.78   -9.33
30     -6.67   -3.61   -1.67   -6.67   -1.11   -1.56
31    -99.90  -99.90  -99.90  -99.90  -99.90  -99.90
1786
December  
 1     -5.00   -1.39    0.39   -8.33    2.67   -1.56
 2     -1.67    2.78    2.22   -3.89    3.89   -0.11
 3      1.11    2.06    0.00    0.00   -1.78   -7.50
 4     -6.67   -5.56   -4.72  -12.22   -6.22   -3.89
 5     -5.00   -6.67   -6.67   -6.11   -8.89   -9.44
 6    -10.00   -7.22   -5.56  -13.89   -3.89   -8.61
 7     -6.11   -2.78   -0.83   -6.67    1.67   -1.22
 8     -1.11    0.28   -0.56   -2.78    0.56   -4.56
 9     -5.00   -4.44   -6.11   -8.06   -7.50  -12.50
10    -10.00   -8.61  -10.00  -11.67  -10.56  -10.83
11    -10.83  -10.00  -10.83  -13.61  -11.11  -15.56
12    -15.56  -12.78   -8.89  -23.33   -2.78   -7.33
13     -5.56   -3.06   -1.11   -4.44    1.67    2.50
14      3.33    4.44    3.89    4.17    6.39    1.11
15     -0.28    2.22    2.50   -3.06    3.89   -5.00
16     -4.72   -2.78    0.00  -10.00    0.00    0.00
17      0.94    2.78    2.78    1.11    3.56    1.11
18      1.67    3.33    1.94    1.67    2.78   -4.17
19     -3.33   -1.94   -0.83   -9.72    0.44   -3.33
20     -2.22   -1.11   -0.44   -4.17   -0.44   -4.72
21     -2.78    1.67    2.22   -2.50    3.89   -0.28
22      0.00    2.78    3.89   -2.22    5.83    3.33
23      4.17    4.72    3.06    0.56    3.44   -0.56
24     -1.83   -3.06   -6.94   -6.44   -6.56  -13.33
25    -10.00   -7.50   -5.83  -14.44   -5.39   -7.78
26     -5.00   -0.83   -1.11   -2.50    1.67   -2.11
27     -2.78    1.67    0.83   -2.78    3.89   -1.67
28     -1.67    1.67    1.39   -0.83    4.72   -3.06
29     -6.39   -5.00   -3.61  -11.67   -5.56   -6.56
30     -3.61   -1.11    1.67   -5.56    2.78    2.44
31      4.28    5.28    5.56    5.11    9.17    4.22
1787
January   
 1      4.17    7.22    7.78    2.78    9.11    8.22
 2      7.22    7.78    6.39    5.56    7.22    2.50
 3      5.56    7.22    7.33    4.44    7.33    7.78
 4      7.50    6.67    4.72    5.83    5.28    1.00
 5      3.33    2.50   -1.67    0.00   -1.00   -7.78
 6     -6.67   -5.56  -14.72  -15.56   -5.56    1.39
 7    -11.94   -7.78   -3.89  -15.56   -5.56    1.39
 8      0.00    0.56    0.56    1.67   -1.11   -3.44
 9     -3.89   -3.06   -2.50   -6.67   -3.44   -8.06
10     -7.78   -7.78   -7.78  -10.00   -9.56   -9.67
11     -8.33   -6.11   -5.56   -9.17   -6.11   -6.67
12     -5.00   -2.78   -4.44   -5.56   -2.11   -9.44
13    -10.56   -8.33   -7.22  -13.89   -8.00  -13.33
14     -7.78   -4.00   -2.22   -7.22   -0.56   -3.11
15     -0.83    3.33    5.00    1.94    8.06    6.11
16     -0.56    1.94    2.22   -6.22    3.33   -0.28
17     -2.22   -0.28   -0.83   -5.39    1.11   -3.06
18     -5.00   -1.11   -3.33   -8.33    0.00  -11.11
19    -12.50  -10.83  -10.56  -20.00  -15.28  -15.00
20    -11.11   -9.44   -7.78  -13.06   -8.89   -7.78
21     -6.00   -3.33   -1.67   -6.11   -1.67   -1.94
22     -1.11    0.00   -0.56   -1.67   -0.56   -4.17
23     -7.78   -7.22   -8.06  -12.78  -10.00  -11.39
24     -6.67    0.00   -3.89   -1.67    6.11    3.33
25     -4.44   -2.50   -2.22  -10.56   -3.50   -8.61
26     -2.22    0.00    2.50   -0.56    1.67    4.17
27      1.67    1.94   -0.56    0.56    1.67   -4.44
28     -7.50   -5.28   -6.39  -10.56   -6.39  -10.83
29     -9.17   -3.61   -1.67  -10.56    0.00   -1.94
30     -2.22    1.67    1.67   -3.89    4.11   -2.22
31     -2.78    1.11    0.28   -5.56    2.22   -5.83
1787
February  
 1     -5.00   -3.89   -4.72  -10.56   -6.94   -8.89
 2     -9.44   -6.11   -6.11  -16.11   -4.44   -7.78
 3     -7.22   -4.44   -3.89   -8.89   -0.44   -8.78
 4     -6.67   -6.67   -9.44  -10.83   -9.44  -16.11
 5    -15.56  -11.67   -5.56  -19.17   -9.72   -2.78
 6     -6.67   -5.00   -4.44  -10.39   -6.11  -10.56
 7     -8.06   -3.89   -4.44  -10.56   -3.89   -7.78
 8     -4.28   -1.11   -1.11   -1.94    0.56   -5.83
 9     -4.17   -0.28   -1.67   -6.11    1.39   -5.56
10    -11.11   -8.33   -7.50  -18.33   -9.33  -19.72
11    -14.17  -10.56   -5.56  -17.50   -7.50   -1.67
12      2.78    5.00    3.33    4.72    5.56   -1.11
13     -0.11    0.83    0.56   -4.44   -0.56   -8.61
14     -6.67   -3.33   -0.56  -14.44   -2.67    0.00
15      4.44    7.22    5.00    5.00    7.50    1.44
16     -3.33   -3.33   -2.22   -9.44   -3.89   -4.11
17      0.28    4.72    6.11    1.39    7.22    2.78
18     -1.11    0.56    1.11   -6.94   -1.11   -3.89
19      0.00    3.33    4.17   -1.39    5.72    1.33
20      3.89    5.00    0.83    2.50    4.33   -7.50
21     -7.22   -5.56   -7.22  -12.78   -7.22  -10.56
22    -10.00   -7.22   -6.11  -15.00   -8.61  -10.00
23     -8.89   -5.56   -3.89  -13.06   -3.44   -6.67
24     -3.33    0.00    1.39   -5.00    3.33   -1.11
25      0.00    3.33    3.06   -1.39    4.33   -0.56
26      1.11    3.89    3.33   -4.06    5.00    0.56
27      2.22    2.78    1.67    0.56    1.67   -1.11
28      0.56    5.00    5.00   -0.56    7.22    1.67
29    -99.90  -99.90  -99.90  -99.90  -99.90  -99.90
30    -99.90  -99.90  -99.90  -99.90  -99.90  -99.90
31    -99.90  -99.90  -99.90  -99.90  -99.90  -99.90
1787
March     
 1      2.78    5.00    4.44    1.67    6.11    1.11
 2      1.11    2.78    3.89    0.00    2.78    0.00
 3     -1.11    1.11    0.56   -3.89    1.94   -2.22
 4     -2.22   -1.67   -3.33   -3.33   -3.89   -7.22
 5     -3.89   -0.28    0.00   -7.94    1.11   -4.44
 6     -2.78    1.11    2.22   -6.56    3.89   -0.83
 7     -3.89   -1.11   -0.56  -12.22   -0.56   -4.44
 8     -3.89   -0.56    0.56   -9.44    0.56   -7.22
 9     -4.44   -1.11    1.39   -7.22    0.00    1.11
10      2.22    7.22    6.67    2.22    8.33    4.17
11      2.22    5.00    5.56   -1.67    5.78    1.67
12      2.78    7.78    7.22    1.67    7.22    6.11
13      9.44   11.11    9.44    8.89   11.11    9.56
14      3.89    6.11    6.39    0.83    6.39    3.22
15      3.33    6.39    6.11   -2.22    7.78    2.78
16      5.28    9.44    4.72    5.56   11.11    0.83
17      1.67    3.89    3.33   -2.22    8.33    0.78
18      2.78    3.89    9.44    1.11    6.56   10.28
19     12.22   13.89   13.89   12.78   16.94   11.39
20      9.72   10.56    8.89    6.67   13.33    2.78
21      5.00    7.78    7.50    1.11   10.00    2.22
22      3.89    8.06    9.72    0.00   13.06    8.33
23      7.78    8.89    5.83    5.00    7.22    0.56
24     -0.56   -0.56   -2.22   -5.56   -2.78   -5.00
25     -3.33    0.56    2.50   -5.00    2.22    0.00
26      0.00    9.17    3.89   -2.61    7.78    0.44
27      1.67    5.89    5.00   -3.33    8.44    1.11
28      2.22    7.22    7.78   -2.22    9.17    5.28
29      6.11    4.44    2.78    4.44    2.50    0.00
30     -0.28    4.17    2.78   -1.67    3.89   -0.17
31      0.56    5.00    5.00   -0.56    8.33    1.11
1787
April     
 1      0.56    5.28    5.56   -3.00    6.78    1.39
 2      1.94    5.56    1.67    0.56    6.67   -3.33
 3     -1.67    2.22    6.11   -4.11    6.11    5.00
 4      6.39   18.33   20.56    8.89   25.00   19.17
 5     17.22   17.22   10.56   14.72   15.00    2.78
 6      5.00    8.33    8.33   -1.67    8.61    3.89
 7      5.56   11.67   11.39    1.67   16.94    9.17
 8      8.06   14.44   16.11    5.56   19.44   11.11
 9     13.89   17.78   14.44   11.11   19.44    8.33
10      8.33   11.11   12.22    5.00   15.00   10.00
11     10.56   12.50   12.78    9.72   15.28    7.50
12      6.94    8.06    6.11    8.61    5.00    3.33
13      6.11    9.44   13.33    3.89   15.28   15.28
14     14.72   16.39   16.11   14.17   18.89    9.72
15      8.89   10.56   10.00    3.89   10.28    3.89
16      5.56    9.72   12.50    0.28   15.00    9.44
17      9.44   13.89   15.56    6.94   18.33   12.50
18     11.11   10.00    8.61    5.00    8.33    2.78
19      2.50    5.00    5.83   -1.11    6.39    0.56
20      2.22    4.44    4.72   -2.22    5.56   -0.83
21      0.00    1.39    1.11   -3.89    2.50   -3.33
22      1.67    5.83    6.11    1.94    7.50    4.17
23      6.67   10.00   11.11    6.67   13.89   10.83
24      8.89   15.00   15.00    6.94   21.67   11.11
25     11.11   13.89   13.89    7.78   16.67   11.11
26     10.00   12.22    8.89   11.11    9.44    5.39
27      5.00    8.33    8.61    2.78   11.67    4.72
28      6.67   10.00    9.44    1.67   13.33    7.22
29      7.78   10.00   12.22    7.22   12.22    9.44
30     11.11   14.44   20.00    8.89   21.67   18.06
31    -99.90  -99.90  -99.90  -99.90  -99.90  -99.90
1787
May       
 1     16.67   20.56   11.67   14.44   25.56    6.67
 2      7.78   10.00   13.89    4.72   14.44    7.22
 3      8.33   11.67   13.61    7.50   16.67   10.56
 4     10.56   16.67   16.11    8.06   21.67   14.17
 5     15.56   20.56   18.33   16.39   22.22   15.00
 6     16.94   22.50   19.44   14.72   25.83   15.56
 7     19.89   18.61   18.33   13.89   18.89   15.28
 8     15.56   19.72   18.89   15.00   22.78   13.33
 9     13.89   16.00   13.89    9.17   17.11    8.67
10     12.22   13.33   11.67   10.56    8.89    9.44
11     10.00   10.00    9.44    8.33    9.72    8.33
12      8.89    9.44    8.89    8.06    9.33    8.33
13      8.33    8.89    8.33    8.06    8.06    7.78
14      8.33    8.89    8.89    7.50    9.72    8.33
15     11.11   12.78   11.39   10.00   14.44    6.11
16      8.61   11.11   11.39    5.28   16.11    7.22
17      9.17   13.33   13.33    6.11   15.56   12.22
18     12.78   17.22   19.44   12.78   23.78   16.94
19     16.94   18.89   18.33   14.44   21.67   16.67
20     17.22   19.44   19.44   19.17   23.89   13.61
21     13.89   16.39   16.11   10.00   18.61   12.78
22     13.33   15.28   13.33   14.44   16.67   11.11
23     12.78   16.11   16.11   11.11   18.89   14.06
24     15.00   20.00   18.33   16.67   23.89   16.39
25     15.56   15.00   11.94   15.83   14.56    6.67
26     10.56   13.33   13.33    5.83   18.00    5.44
27     11.11   13.33   12.78    9.72   14.61    8.33
28     11.94   14.44   13.89    9.72   22.22    9.72
29     12.78   17.78   17.78   15.00   21.67   15.56
30     15.56   19.44   15.56   13.61   20.83   12.78
31     15.28   19.44   16.94   15.28   23.33   13.06
1787
June      
 1     15.00   20.28   16.94   15.00   18.89   11.39
 2     12.22   13.89   15.00    6.67   15.56   11.67
 3     13.33   13.33   11.11   13.06   11.11    7.22
 4     10.56   12.22   13.33    9.28   14.17    2.11
 5     13.33   16.11   15.83   16.11   20.44   11.67
 6     13.33   14.72   12.78   12.78   13.33   10.22
 7     12.22   13.61   14.17   11.11   19.17   11.11
 8     13.33   16.67   17.78   14.44   23.06   17.78
 9     16.67   19.72   19.72   15.56   26.56   18.06
10     19.44   25.00   23.61   20.00    1.56   20.00
11     21.11   24.72   22.22   20.28   29.67   20.56
12     20.00   21.11   20.00   17.94   20.22   16.94
13     20.83   27.22   25.56   21.00    4.17   21.78
14     20.83   27.22   25.56   20.72    4.17   21.78
15     24.72   26.39   22.78   22.78   28.22   19.44
16     20.28   21.39   20.56   16.94   23.89   20.83
17     19.44   19.44   15.83   16.67   20.56   13.61
18     15.56   17.50   16.67   13.61   21.67   12.22
19     15.56   20.56   22.22   15.11   25.72   19.44
20     20.00   26.11   23.33   18.89   29.17   19.61
21     20.56   23.33   24.44   19.72   26.89   22.78
22     23.06   23.89   22.78   22.78   26.11   21.39
23     19.44   24.17   23.61   17.22   27.22   20.56
24     22.78   27.22   24.44   23.33   28.33   22.11
25     23.06   25.56   21.11   21.00   27.67   17.50
26     18.89   24.44   21.94   18.06   26.56   19.17
27     20.28   26.94   23.89   20.56   29.72   20.56
28     21.11   22.78   22.50   18.33   23.61   18.89
29     19.17   24.17   21.11   16.67   24.44   18.61
30     19.72   21.11   20.83   16.11   24.17   17.78
31    -99.90  -99.90  -99.90  -99.90  -99.90  -99.90
1787
July      
 1     20.28   20.56   19.17   16.94   21.67   17.78
 2     15.56   20.00   22.22   16.11   23.61   21.67
 3     21.11   26.67   24.44   21.11   30.56   23.33
 4     21.67   26.00   23.89   20.56   27.50   22.22
 5     22.50   27.61   22.50   20.83   31.11   21.67
 6     22.78   26.11   24.44   22.50   28.89   19.89
 7     22.22   27.22   23.33   20.28   28.89   21.22
 8     22.22   26.94   25.00   22.44   30.00   23.17
 9     22.78   25.56   21.67   21.39   27.78   16.67
10     21.11   22.78   21.11   20.56   23.33   23.33
11     20.56   23.89   23.06   19.17   27.22   21.67
12     21.67   24.44   22.78   20.83   26.39   19.33
13     21.11   23.61   20.56   19.89   25.28   15.28
14     15.56   19.72   20.56   15.00   20.72   16.67
15     20.56   23.89   22.78   21.67   28.33   19.44
16     21.11   21.94   21.67   19.72   23.33   20.28
17     19.17   20.83   19.44   17.22   21.67   14.44
18     15.56   18.33   19.72   15.44   20.00   15.56
19     17.22   21.67   20.83   16.11   25.83   18.33
20     19.72   21.39   20.56   18.61   23.89   17.22
21     18.33   20.56   20.00   19.44   24.06   16.11
22     19.72   26.11   23.89   21.11   29.44   20.83
23     23.06   25.00   24.44   21.67   28.78   23.89
24     22.78   23.89   21.67   21.56   28.33   18.06
25     20.44   21.11   20.00   18.61   20.28   17.22
26     20.00   23.33   21.67   18.89   25.83   18.33
27     20.00   21.39   20.28   18.61   23.89   16.39
28     18.33   19.61   18.89   15.83   22.39   15.83
29     17.78   18.89   18.33   16.11   20.00   14.72
30     17.78   18.33   17.78   17.22   19.00   14.44
31     15.83   16.67   15.67   15.56   15.56   14.00
1787
August    
 1     15.00   17.22   17.78   15.56   20.00   13.06
 2     16.11   21.39   20.00   17.50   23.17   15.56
 3     19.17   23.89   22.22   20.56   26.00   19.44
 4     21.11   26.67   25.83   20.44   31.83   23.06
 5     23.89   28.11   26.11   24.33   30.56   24.33
 6     23.61   25.00   23.89   21.39   25.89   23.11
 7     22.22   25.56   23.33   20.00   26.39   21.39
 8     21.94   23.61   22.78   20.83   28.61   20.56
 9     21.94   27.50   25.00   22.22   30.56   23.89
10     24.17   25.00   22.78   23.61   23.78   19.72
11     22.22   23.61   22.22   20.83   25.28   20.00
12     21.39   24.17   22.78   18.61   30.28   21.67
13     21.67   25.56   23.89   19.17   28.89   20.28
14     21.39   27.78   24.17   19.89   31.11   21.56
15     23.89   26.11   24.72   23.33   26.39   24.72
16     21.39   21.11   20.00   18.11   21.11   15.00
17     17.78   20.56   20.56   12.78   23.89   19.33
18     21.11   22.22   21.11   22.22   23.33   17.11
19     19.44   22.22   22.50   18.33   25.28   19.44
20     20.56   23.89   22.22   18.06   26.94   19.44
21     21.67   23.89   23.61   21.39   26.11   22.22
22     22.22   22.78   21.11   18.89   24.61   17.78
23     20.56   25.00   25.00   20.56   27.22   20.28
24     20.56   24.44   23.89   18.17   26.67   23.06
25     23.06   28.06   26.11   23.89   32.22   25.28
26     21.67   22.22   19.17   18.89   21.94   13.61
27     17.50   18.33   18.89   13.33   21.11   15.00
28     15.83   18.33   15.83   11.11   21.11   11.22
29     15.56   17.22   17.78   14.44   17.78   16.94
30     17.22   19.44   18.89   16.94   21.56   15.56
31     16.67   19.44   19.44   14.72   23.61   15.94
1787
September 
 1     16.94   22.78   20.00   15.28   22.78   16.94
 2     18.33   20.00   19.44   16.39   24.44   14.56
 3     17.22   20.28   19.44   17.50   22.78   15.00
 4     16.11   19.44   15.00   11.00   21.94   13.89
 5     17.78   19.44   19.72   17.22   20.83   17.22
 6     19.44   22.22   20.00   20.44   23.61   13.89
 7     13.89   15.56   15.44   10.28   16.67   11.94
 8     13.33   17.22   17.22    9.17   20.00   15.83
 9     18.61   25.00   23.06   20.56   27.78   21.39
10     21.39   25.00   23.89   21.39   28.89   22.78
11     22.22   21.11   20.28   22.22   21.94   15.56
12     17.78   17.78   16.67   15.00   16.67   13.22
13     16.11   18.33   20.00   13.89   22.22   18.61
14     16.67   16.67   16.67   15.28   17.50   15.28
15     16.11   15.56   14.44   12.78   16.11    8.33
16     10.56   12.22   12.78    5.56   14.17    7.22
17      9.44   11.67   12.22    4.72   15.83    8.33
18      9.44   12.78   12.78    4.72   15.83   11.11
19     14.44   16.11   15.00   13.33   18.33   14.44
20     14.44   16.11   15.00   13.33   18.33   14.44
21     13.89   16.67   17.22   11.94   19.44   14.17
22     13.89   16.11   15.83   11.67   17.78   13.33
23     14.17   15.56   15.00   12.22   16.39   10.78
24     12.22   16.39   16.67   13.33   20.00   14.44
25     13.89   18.33   17.50   12.78   21.67   14.17
26     13.89   18.06   17.78   11.39   20.00   13.33
27     12.78   17.78   19.44    9.89   23.89   17.50
28     14.44   15.00   15.00   10.00   16.67    9.72
29     13.33   13.06   12.50   11.39   11.39    8.89
30      9.44   12.78   14.44    6.67   17.50    9.17
31    -99.90  -99.90  -99.90  -99.90  -99.90  -99.90
1787
October   
 1     10.56   15.56   15.28    5.00   18.89   12.22
 2     11.11   18.06   17.78    8.61   20.00   14.17
 3     16.11   18.33   16.39   13.61   21.39   10.56
 4      9.44   10.56   10.56    4.44   10.56    4.44
 5      7.78   14.44   12.22    3.33   14.72   10.56
 6     12.78   15.56   15.00   10.56   19.72   11.11
 7      8.89    9.44    8.89    3.89    9.44    2.22
 8      5.28    7.78    8.89   -1.94   11.67    3.61
 9      6.67   11.67   12.78    3.72   15.00   12.22
10     11.67   14.44   15.00    9.72   18.06   10.00
11     11.39   13.33   13.89    6.39   16.94    6.67
12      8.33   12.78   12.78    2.50   15.00    8.61
13     11.11   13.33   13.06    8.89   14.72    7.39
14      7.78   10.56   11.11    1.50   12.78    7.22
15      8.89   14.17   12.22    3.89   16.39    7.22
16      7.50    6.67    5.56    0.00    6.67    3.06
17      5.00    7.22    8.06    1.67    9.44    4.44
18      4.44    6.11    7.22    2.22    6.94    1.83
19      2.22    6.39    7.22   -3.89   10.00    1.94
20      5.00    7.22    7.78    1.11   10.17    3.61
21      7.22    7.78    6.67    4.72    7.50    4.44
22      5.28    8.89    8.89    1.11   13.61    4.56
23      6.67   12.22   13.89    4.44   18.89   12.78
24     10.56   15.56   15.56    6.11   21.11   11.11
25     10.83   14.72   13.06    5.00   18.61    5.56
26     10.83   13.61   13.33    9.44   17.50    7.78
27     11.94   15.56   15.00   12.22   17.50    9.17
28     11.11   12.78   11.39    8.06   13.61    4.44
29      7.22    8.89    9.44    2.22   11.00    5.00
30      7.50   13.78    7.78    3.33    8.28    3.89
31      6.67    8.06    7.22    3.06    9.11    2.22
1787
November  
 1      3.33    5.56    5.00   -0.56    5.56    0.00
 2      0.28    2.22    2.22   -6.11    3.89   -3.50
 3     -1.11    3.61    7.50   -7.78   10.28    3.06
 4      3.89   11.11   11.39    0.00   13.61    8.06
 5     10.00   11.67   11.11    7.22   14.67    4.44
 6      6.39    7.78    6.67    2.22    3.06   -0.28
 7      2.78    5.56    7.22   -3.89    8.89    0.83
 8      1.39    5.83    8.61   -4.17   11.94    5.28
 9      6.67   10.00    9.72    3.61   14.72    5.00
10      5.00    8.89   10.00    1.94   12.50    9.17
11      6.94    7.22    6.39    1.94    7.78    0.83
12      0.56    2.22    3.33   -2.50    2.78    3.33
13      3.89    5.56    6.67    0.56    7.22    5.17
14      7.22   12.78   12.78    6.39   18.33   12.89
15     14.72   19.44   18.33   14.44   22.50   16.11
16     15.00   13.89   12.22   10.28   10.28    8.33
17     10.56   10.28    8.89    5.56   10.00    4.78
18      4.17    6.11    6.39   -2.22    7.22   -0.44
19      2.22    5.28    6.39   -2.22    8.89    2.50
20      6.11    8.89    9.72    6.11   13.33    9.17
21     11.11   13.89   13.61   11.11   15.44   12.11
22      8.89    8.89    8.33    2.50    9.17    6.67
23      7.78    7.78    6.94    5.56    6.67    6.67
24      6.11    6.11    4.44    5.56    5.72    0.83
25      2.22    4.17    5.83   -0.56   10.56    3.06
26      4.44    5.83    5.83    4.17    6.94    5.00
27      5.56    6.11    5.83    3.33    5.83    3.06
28      3.33    4.44    5.56   -1.94    6.94    2.78
29      2.11    3.33    4.17   -1.39    5.11    0.56
30      0.56    1.67    0.28   -1.39   -3.33   -3.33
31    -99.90  -99.90  -99.90  -99.90  -99.90  -99.90
1787
December  
 1     -1.67    2.22    3.89   -1.94    6.67   -0.56
 2      2.22    5.00    5.83   -0.56    9.72    6.39
 3      3.89    5.56    5.00    1.39    7.22    1.11
 4      0.83    1.67    2.22   -1.11    2.22   -0.56
 5      2.22    5.83    6.11    1.39    9.17    1.67
 6      1.67    4.06    4.44   -1.11    6.11   -0.56
 7      3.06    3.06    2.78    3.33    0.56   -0.67
 8      1.67    4.44    3.89   -1.94    4.44    1.67
 9      0.00    1.94    1.11   -3.89    2.22   -2.50
10     -3.06    1.11    1.11   -5.56    2.11   -3.50
11      1.11    0.56    1.11   -4.17    1.56   -1.11
12     -2.78   11.11    0.56   -4.72    0.28   -3.89
13     -3.33   -1.11   -0.56   -6.39   -0.28   -5.83
14     -5.00   -1.94   -0.56   -8.89    0.83   -2.78
15     -3.89   -2.78   -4.17   -6.67   -4.44    2.78
16     -7.22   -5.56   -3.33  -11.11   -2.78   -5.56
17     -4.44   -1.94   -1.39   -6.11    0.00   -4.44
18     -2.22   -3.61   -2.78   -8.33   -0.83   -7.78
19     -2.78   -1.67   -0.28   -4.44   -0.56   -1.11
20     -0.28    1.11    0.83   -2.22    1.67   -1.67
21     -3.06   -1.11   -3.33   -6.11   -0.83   -5.22
22     -3.33   -1.67    0.00   -4.72    1.83   -1.67
23      1.11    1.67    1.39    0.83    1.67    0.83
24      2.22    3.33    2.78    0.28    2.22    1.39
25      1.67    3.06    2.22   -0.28    4.17    0.28
26      0.00    1.94    2.22   -1.94    2.50   -1.11
27     -0.28    1.67    1.67   -4.44    1.39   -3.89
28     -2.22   -1.11   -1.00   -6.11   -1.11   -4.06
29     -2.78    1.39    1.67   -3.61    6.94    0.28
30     -0.28    0.56   -0.56   -2.22   -0.06   -3.33
31     -3.61   -3.89   -5.00   -9.44   -6.11   -8.89
1788
January   
 1     -8.33   -5.00   -2.78  -11.83   -2.22   -3.89
 2     -4.44   -2.78   -3.06  -11.28   -3.33   -6.67
 3     -7.78   -4.72   -5.33  -10.83   -6.39   -8.89
 4     -5.00   -3.06   -4.17   -8.89   -3.06  -10.00
 5    -11.11  -11.11   -9.44  -18.61   -9.00  -15.56
 6    -14.17  -11.67   -8.89  -20.83   -8.89  -10.00
 7    -10.83   -6.94   -4.44  -14.06   -2.50   -9.28
 8     -8.61   -6.11    5.00  -12.50    0.83    7.22
 9      2.22    1.11   -3.06   -1.11   -1.67   -6.67
10     -9.72   -5.56   -5.56  -13.89   -5.56   -8.89
11     -9.17   -7.78   -8.06  -14.72   -9.72  -13.89
12    -13.06  -10.56  -10.11  -16.94  -10.56  -13.33
13    -10.83   -6.67   -7.50   -9.44   -3.89  -11.11
14    -14.72  -12.22  -11.11  -19.17  -12.78  -14.72
15    -12.78   -9.72   -5.28  -15.83   -6.67   -3.06
16     -3.06   -1.11    8.06   -2.78    2.22   11.11
17      6.67    5.28    1.67    3.33    1.33   -4.17
18     -3.89   -0.56   -0.56   -6.67   -1.11   -1.67
19     -2.78   -0.56    1.11   -5.00    0.00    1.56
20      2.22    3.33    0.00    1.94    2.78   -6.39
21     -5.00   -2.78   -0.83   -6.11    0.28   -4.72
22     -3.89   -1.94    1.67   -6.11    0.56    0.00
23      0.56    1.67    0.00   -0.56    2.78   -6.11
24     -5.00   -3.61   -2.78  -11.39   -2.50   -5.56
25     -0.56    0.56   -2.22    0.56   -1.11   -8.33
26     -6.11   -5.00   -5.28   -9.44   -5.00   -8.89
27     -8.33   -5.56   -3.89  -10.00   -1.67   -4.17
28     -5.00   -2.78   -1.11   -8.33    0.00   -4.44
29     -0.56    2.22    3.06    0.56    6.67    2.78
30      1.11    3.06    1.11    0.28    2.22   -5.00
31     -6.39   -3.89   -5.28  -10.28   -6.11  -10.56
1788
February  
 1     -7.78   -2.22   -2.78  -12.78   -0.56   -7.22
 2     -7.22   -3.89   -0.56  -10.00    0.28   -1.11
 3     -0.56    4.44    7.22    0.28    8.06    7.78
 4      6.11    5.00    1.67    2.22    1.94   -1.11
 5     -8.89  -10.28  -15.00  -17.50  -17.22  -18.89
 6    -16.11  -12.22  -11.11  -20.28  -12.33  -12.22
 7    -10.28   -7.22   -5.28  -12.94   -6.11  -10.00
 8     -8.89   -5.56   -4.44  -14.44   -5.28   -7.78
 9     -5.56   -4.44   -2.78   -8.33   -4.44   -6.94
10     -5.56   -2.78   -1.67  -12.22   -1.67   -1.67
11      2.78    5.00    6.83    3.89    6.11    7.22
12      0.00    6.67    5.83    2.78    6.11    3.33
13     -0.56    0.56   -0.56   -6.67   -3.89   -4.17
14      0.00    2.22   -0.28   -3.61    3.06   -7.50
15     -4.44   -5.00   -3.61  -12.78   -4.17   -6.67
16     -3.06   -0.83   -1.11   -5.83   -0.28   -5.83
17     -3.33   -0.83    0.00   -4.72    2.22   -3.89
18     -5.56   -5.28   -7.22  -13.33   -8.89  -10.56
19    -10.00   -4.72   -3.89  -11.39   -3.33   -6.67
20     -6.11   -2.50   -2.78   -6.67   -2.22   -6.67
21     -6.39   -2.78   -1.11   -9.17    0.56   -5.28
22     -5.28   -3.89   -3.33   -7.22   -4.17   -1.94
23     -0.28    1.11    1.11    1.11    3.22    0.28
24     -0.56    1.11    2.22   -5.56    1.67   -5.56
25     -3.06    0.56    3.06  -10.56    5.00   -0.83
26     11.94    2.78    1.67   -3.61    3.61   -3.89
27     -3.61   -2.78   -5.83   -9.44   -5.28  -12.50
28     -9.44   -7.22   -5.28  -13.06   -6.39  -11.11
29    -11.11  -11.39   -7.22  -16.11   -8.61  -11.39
30    -99.90  -99.90  -99.90  -99.90  -99.90  -99.90
31    -99.90  -99.90  -99.90  -99.90  -99.90  -99.90
1788
March     
 1    -11.11   -8.06   -6.39  -15.00   -7.50  -11.39
 2     -9.44   -7.50   -7.22  -13.33   -9.06   -9.72
 3     -8.06   -4.44   -1.67  -10.56   -1.67   -5.00
 4     -6.11   -3.89   -2.50  -10.28   -2.89  -11.11
 5     -5.56   -3.61   -2.78   -9.44   -2.78   -5.00
 6     -5.56    0.56    1.67   -8.06    2.22   -1.39
 7     -0.56    2.22    2.22   -1.67   -1.78   -1.11
 8      0.56    3.33    4.44   -3.33    4.44    1.11
 9      3.06    5.00    4.44    0.28    4.44    0.28
10      2.78    3.89    4.17    0.56    2.78    2.50
11      2.78    4.44    5.00    0.56    5.56   -0.56
12      1.39    6.11    8.06   -3.33   10.00    7.22
13      6.11   10.00   11.11    3.89   14.44    5.83
14      8.61   11.67   10.00    4.44   13.61    6.11
15      6.11    7.78    6.11    1.11    7.22    0.83
16      2.22    4.17    2.78   -0.56    3.72   -2.22
17     -0.56    1.94    3.33   -3.89    3.33   -1.11
18      1.11    8.33    7.50   -0.56   11.94    3.33
19      6.67   10.28   10.00    4.44   11.39    6.39
20      5.83    9.72    7.78    2.22   10.44    1.11
21      2.22    4.44    5.00   -3.06    4.17    0.28
22      2.50    7.78    8.61    2.78    8.89    5.56
23      8.06   10.56   11.11    7.78   13.33    9.28
24      4.44    3.89   -0.56    1.94    1.67   -5.00
25     -3.33    1.11    2.78   -5.28    3.89   -0.56
26      1.11    5.00    3.89   -1.11    5.83   -1.11
27      0.56    1.67    3.89   -2.78    1.67   -1.11
28      0.56    4.72    7.50   -4.72   10.28    6.11
29      5.00    5.28    3.61    1.67    3.61   -0.83
30      0.00    2.22    3.89   -3.61    2.50    0.83
31      2.22   11.11   10.28   -1.11   15.00    7.67
1788
April     
 1     10.00   14.72   14.17    9.44   16.83   10.72
 2     10.00    7.78    7.22    3.06    6.11   -0.28
 3      4.17    8.61    6.39   -0.56   10.56    2.22
 4      5.56    6.67    5.56    3.89    6.11    3.33
 5      5.00    6.67    6.67    3.89    6.94    4.44
 6      6.94   12.78   13.89    6.11   17.50   13.89
 7      8.33    9.17    7.22    2.78    8.78    2.50
 8      6.11    6.94    5.56    4.44    6.67    3.33
 9      6.11   12.78   12.78    5.56   17.78   10.56
10      8.06   11.67   12.50    3.33   14.06    8.89
11      8.33    9.44   10.00    6.11   10.00    5.28
12      6.11   10.56    8.61    2.50   11.94    6.11
13      9.44   14.17   15.56    9.44   19.44   12.78
14     11.11   13.33   10.28    6.11   12.78    5.83
15      8.61    8.89    8.33    6.39    6.78    5.56
16      7.78   10.56    8.33    5.00   11.67    3.22
17      6.67    8.33    8.89    5.00   10.28    5.00
18      8.89   12.78   14.44    8.89   15.28   14.72
19     14.17   20.00   16.94   14.44   23.33   16.11
20     15.00   14.44    9.44   11.11   14.72    4.17
21      3.61    5.00    6.11   -0.28    5.56    1.67
22      3.89    7.50    6.94    0.28   10.39    5.28
23      7.22    8.33    7.22    5.28    7.78    4.44
24      6.67   10.00   11.67    4.44   15.56   10.00
25     10.28   15.00   13.89    9.44   18.78   11.67
26     10.00    8.89    6.67    6.67   10.00    4.72
27      6.11    7.50    6.11    5.00    9.72    3.89
28      5.28    5.83    5.56    4.17    6.67    4.17
29      6.11    9.44   10.00    3.89   12.78    7.22
30      8.61   13.89   14.72    4.44   18.89   12.50
31    -99.90  -99.90  -99.90  -99.90  -99.90  -99.90
1788
May       
 1     11.67   19.17   15.56    8.61   23.89   14.17
 2     15.00   15.56   13.06   14.17   16.94    7.78
 3     10.56   12.78   11.67    7.78   16.67    9.17
 4      9.44   11.11   11.94    6.67   13.06    8.89
 5     12.78   20.56   19.17   14.17   26.67   13.33
 6     14.72   18.89   17.22   10.00   20.28   15.00
 7     15.00   17.22   17.22    9.72   18.89   13.61
 8     12.50   15.00   16.11    9.17   18.33   13.06
 9     12.78   11.67    8.89    9.72    8.89    6.11
10      7.50    7.78    7.22    5.83    6.39    7.22
11      6.39    6.67    7.22    5.56    7.22    6.39
12      9.44   14.44   14.72    9.17   20.00   13.61
13     13.89   16.67   15.56   10.28   18.89    1.11
14     13.33   15.56   14.17    9.44   16.67   11.67
15     12.22   16.67   15.56   10.56   21.39   13.89
16     13.61   19.44   18.89   11.67   23.33   17.22
17     16.94   18.89   18.33   18.89   19.44   15.00
18     14.72   13.33   11.39    9.44   10.28    7.50
19     10.56   11.11   11.11    8.33   10.83   10.00
20     11.67   13.33   13.33   14.17   14.44   13.33
21     15.56   22.22   21.67   16.94   28.78   20.00
22     17.22   16.67   16.11   11.67   16.94   12.78
23     16.11   16.94   16.94   14.72   17.78   14.17
24     16.11   18.33   16.67   18.89   21.94   12.67
25     14.72   18.89   19.44   13.61   22.22   18.06
26     16.67   18.33   16.11   15.00   18.33   12.50
27     13.33   15.56   16.67   12.50   18.33   16.67
28     15.83   21.11   13.33   17.22   23.33   15.83
29     13.89   16.11   16.11   10.83   17.78   10.28
30     13.33   18.89   19.44   16.39   22.78   17.50
31     16.67   17.78   16.67   13.89   17.50   13.89
1788
June      
 1     16.11   17.78   16.67   15.83   19.33   12.78
 2     13.89   16.94   16.67   13.06   19.44   12.22
 3     15.00   18.33   16.11   13.89   20.83   13.89
 4     15.00   20.00   18.33   15.00   21.67   15.00
 5     18.89   22.78   24.17   18.61   27.22   21.11
 6     22.22   25.00   25.56   21.83   28.06   25.00
 7     25.00   28.89   23.89   23.61   30.28   21.11
 8     20.56   19.44   16.67   15.00   16.94   10.56
 9     14.44   20.56   22.78   13.33   20.00   18.61
10     21.67   24.44   22.78   21.11   28.06   15.56
11     20.56   21.94   21.11   17.22   21.94   18.06
12     19.17   23.06   22.22   18.06   26.67   18.33
13     20.00   21.11   20.56   15.56   25.28   17.22
14     17.78   17.22   16.11   12.50   13.89   11.11
15     15.56   17.78   17.22   11.94   19.44   12.78
16     14.44   16.67   16.39   13.06   19.44   14.17
17     16.11   18.61   18.33   16.11   19.17   15.56
18     16.39   17.50   19.44   15.28   19.44   18.89
19     18.33   18.89   17.78   16.11   16.11   15.56
20     17.22   21.11   21.11   17.78   27.22   19.17
21     19.44   23.06   23.06   17.78   25.56   19.72
22     21.11   25.00   22.78   18.61   28.89   19.44
23     21.67   25.56   23.89   21.67   29.44   20.28
24     22.22   23.89   22.78   18.61   27.22   18.61
25     18.89   17.78   16.11   13.33   14.44   11.67
26     12.78   18.06   18.89   10.56   21.39   17.78
27     17.22   21.94   19.72   16.94   25.00   17.22
28     18.33   18.89   17.78   17.78   21.11   15.00
29     15.56   15.56   16.39   13.06   15.83   15.00
30     16.11   18.89   18.61   17.78   22.22   16.67
31    -99.90  -99.90  -99.90  -99.90  -99.90  -99.90
1788
July      
 1     16.67   18.33   17.78   15.00   21.94   13.89
 2     16.11   20.56   20.28   16.39   25.00   17.78
 3     20.00   25.00   22.78   23.33   30.56   21.67
 4     21.67   23.89   22.78   21.67   26.11   20.28
 5     21.11   23.89   23.06   19.44   27.22   20.83
 6     21.67   24.44   23.89   21.11   27.78   22.50
 7     24.17   27.78   23.33   23.89   30.28   22.50
 8     23.33   28.33   23.89   24.44   32.22   22.78
 9     22.78   26.39   23.33   22.22   25.83   21.39
10     22.22   25.83   23.33   21.94   28.89   19.44
11     19.72   22.22   22.50   16.11   26.11   20.00
12     23.89   30.56   26.94   25.00   35.00   25.83
13     26.11   27.22   25.28   25.00   30.00   22.78
14     22.50   23.33   23.61   17.78   25.00   20.56
15     21.11   24.44   23.89   18.61   27.22   19.72
16     20.56   23.89   21.11   16.11   26.11   22.22
17     20.00   25.00   23.89   18.33   27.78   23.61
18     24.72   28.61   25.83   25.28   32.78   23.33
19     22.22   23.33   22.22   15.56   25.00   17.78
20     20.00   22.78   20.83   18.33   23.89   16.11
21     18.89   21.67   20.83   15.56   23.89   17.50
22     19.44   20.56   20.28   15.56   23.33   16.94
23     19.44   22.78   21.67   17.78   23.33   18.89
24     21.11   22.78   24.17   20.00   23.89   23.06
25     23.89   26.11   23.89   25.00   29.72   23.33
26     24.44   26.94   25.56   25.28   26.94   25.00
27     23.89   27.78   24.72   25.44   31.67   22.50
28     23.06   24.72   23.33   23.89   27.22   26.39
29     22.50   23.89   21.11   23.06   26.11   17.22
30     18.33   20.00   19.44   16.39   22.22   15.00
31     16.67   20.28   20.00   14.44   23.89   17.78
1788
August    
 1     18.33   23.89   23.06   18.61   28.89   20.56
 2     21.67   25.56   22.78   20.56   30.00   21.67
 3     21.67   24.44   23.33   20.83   31.11   21.39
 4     23.89   25.00   23.89   23.06   25.00   21.67
 5     22.22   27.22   23.06   21.39   30.28   18.33
 6     21.11   23.89   21.94   20.56   27.78   18.33
 7     18.89   22.22   21.39   16.11   25.28   18.89
 8     20.00   21.39   20.00   16.94   23.06   18.33
 9     17.22   20.56   19.44   15.00   21.67   16.94
10     17.22   19.72   19.72   15.56   23.06   17.78
11     17.78   21.11   19.72   15.56   25.00   16.11
12     17.22   20.56   20.56   20.56   23.33   18.33
13     17.78   21.11   20.28   14.44   25.83   20.28
14     17.22   21.11   21.11   14.44   25.00   18.33
15     18.33   26.11   26.11   18.89   23.89   16.67
16     18.61   20.56   20.56   16.67   23.33   18.33
17     17.22   18.33   17.78   15.56   16.39   15.56
18     17.78   20.00   19.72   19.44   22.78   18.89
19     22.22   26.39   23.89   24.44   29.44   21.67
20     22.78   27.22   24.44   21.94   27.22   21.67
21     20.28   20.56   21.11   16.11   23.33   17.22
22     17.22   21.11   21.67   18.33   24.44   19.17
23     21.11   27.50   25.00   21.39   31.11   23.33
24     21.67   21.67   20.00   19.44   22.22   15.00
25     16.39   19.17   18.89   12.50   17.22   15.56
26     20.00   23.89   22.50   22.50   28.06   18.89
27     19.44   21.11   21.11   17.22   23.33   19.72
28     16.94   23.33   23.33   16.67   26.39   22.22
29     21.11   27.22   26.67   21.39   32.22   25.00
30     24.17   23.06   21.67   21.11   21.39   16.94
31     19.44   20.00   18.89   15.28   20.56   12.22
1788
September 
 1     15.83   18.33   18.61   10.28   20.00   16.11
 2     19.17   20.83   20.83   17.22   23.61   18.33
 3     17.78   19.72   20.00   15.56   21.67   15.56
 4     16.94   20.83   20.56   12.22   24.44   19.44
 5     19.44   25.00   23.89   17.78   28.33   22.22
 6     20.00   18.89   18.33   14.72   18.89   12.22
 7     15.56   20.56   15.28   12.78   13.06   11.67
 8     15.00   16.67   16.67   14.72   15.56   15.28
 9     16.94   19.44   18.89   17.50   23.61   13.33
10     15.56   17.78   17.78   12.22   20.00   11.94
11     15.00   19.44   18.33   10.28   23.61   15.00
12     16.11   20.56   20.56   14.17   23.06   18.06
13     19.17   21.11   19.17   18.06   21.94   16.11
14     17.78   19.17   18.61   15.83   20.28   11.39
15     15.56   19.72   20.00   10.00   23.33   17.22
16     19.44   22.22   22.22   20.00   24.17   18.61
17     19.17   20.00   19.17   16.11   20.83   14.72
18     16.11   18.89   19.44   11.67   22.22   16.94
19     19.72   23.89   22.22   17.78   25.56   17.78
20     16.39   16.11   15.00   13.06   15.00    6.67
21      8.89   13.61   13.33    3.33   16.67    7.78
22     10.00   12.50   13.33    6.67   14.72   10.56
23     11.67   15.00   16.11    8.89   18.89   11.39
24     12.50   15.56   16.11    6.11   20.28   11.67
25     13.33   18.61   18.89    8.33   21.11   16.67
26     18.33   24.17   22.22   14.44   26.11   18.89
27     16.11   18.33   17.78    8.61   20.56   12.22
28     13.89   18.89   18.33   12.78   21.11   13.06
29     16.11   20.56   19.72   14.44   24.44   16.67
30     15.28   13.33   12.78    9.44   12.22   10.00
31    -99.90  -99.90  -99.90  -99.90  -99.90  -99.90
1788
October   
 1      8.89    8.89    8.33    4.44   10.00    5.56
 2      7.22   10.28   10.00    5.00   13.89    5.56
 3      7.22   11.11   11.67    1.11   16.39   10.56
 4     11.67   15.00   16.11   12.22   19.17   13.61
 5      9.72   11.11   11.39    6.39   11.67    6.94
 6      7.78   13.61   12.78    2.22   17.50    9.44
 7     10.28   12.78   13.06    7.78   15.56   10.28
 8     12.22   12.78   13.06   10.56   12.22   12.22
 9     11.11   15.28   15.28    7.78   19.72   12.22
10     12.78   14.72   14.72   10.56   18.61   11.39
11     13.33   13.33   12.78   11.67   12.11   12.78
12     11.94   16.11   13.33   12.22   21.39   10.00
13      7.50    8.33    8.33    2.78    9.44    6.11
14      8.06    9.44   10.00    5.00   12.22    5.28
15      8.06   12.78   10.56    7.78   13.33    5.83
16      7.22   10.28   11.11    5.00   11.67    7.50
17      8.89   13.33   16.39    5.00   20.56   16.67
18     20.56   15.56   13.89   13.61   15.83    9.72
19      8.33    7.78    7.78    1.67    7.50    2.78
20      3.06    6.67    9.17   -3.33   11.11    9.44
21     15.00   16.67   11.11   16.11   17.78    7.50
22      7.78    9.72    9.44    6.67   11.11    6.67
23      7.78   12.50   13.33    5.56   16.67    8.33
24     13.33   20.00   20.00   12.78   22.50   19.33
25     15.83   15.83   14.72   10.56   16.67    8.33
26     13.06   16.11   16.67   11.11   20.00   14.17
27     14.72   16.11   15.00   10.56   17.22   12.22
28     10.00    8.89    7.78    4.44    7.22    2.22
29      3.89    4.44    3.33   -1.11    3.33   -3.61
30     -3.06   -2.22   -0.56   -7.78   -2.22   -4.17
31     -2.78    0.56    2.22   -7.22    4.17   -3.33
1788
November  
 1     -2.22    1.11    5.28   -7.22    8.06    7.22
 2      5.83   10.00   11.11    5.56   15.44    7.50
 3     11.11   18.06   18.06   11.11   22.50   16.11
 4     13.89   14.44   13.33    8.89   14.72   10.00
 5     13.89   20.56   19.72   14.44   23.89   17.78
 6     15.56   18.89   17.22   11.67   21.11   11.11
 7     11.11   18.89   18.89    3.33   22.22   15.00
 8     11.67   12.22    9.44    7.22   11.11    2.22
 9      3.06    3.89    4.44   -1.67    4.44   -1.94
10      1.11    3.89    5.28   -6.11    8.06    5.00
11      8.33   11.67   10.56   10.00   12.22    8.06
12      5.00    8.33    6.67    3.89    8.33    2.78
13      2.78    9.44    9.72    2.22   11.67    7.50
14     10.56   10.56    8.89   11.11    9.44    4.17
15      4.44    5.00    5.00   -2.78    5.56   -0.83
16      1.11    5.00    6.39   -3.89    7.22    6.11
17      4.44    3.33    3.61    1.67    2.78    0.56
18      2.78    3.61    4.17    0.56    3.33    2.78
19      4.44    5.56    5.00    3.33    5.28    0.56
20      4.44    6.11   10.00    3.89    8.89   12.50
21      9.44    9.72    8.33    8.33   10.28    6.67
22      8.33   12.22   10.00   10.83   15.83    5.28
23      6.11    7.78    8.61    5.56   10.00    8.06
24     13.33   18.33   15.56   16.11   20.56   11.67
25      1.11    0.00    0.56   -3.89   -3.89   -6.11
26     -3.06   -0.28    2.22   -3.89   -0.56    3.89
27      5.28    5.00    4.44    6.11    4.44    3.06
28      3.89    5.28    5.56    1.11    6.39    3.89
29      6.11    7.78    3.89    6.11   10.00    0.00
30      0.00    0.56    1.67   -4.44    0.56   -1.39
31    -99.90  -99.90  -99.90  -99.90  -99.90  -99.90
1788
December  
 1      2.22    3.06    5.56    1.67    4.44    7.78
 2      1.11    1.39   -0.83   -1.11   -1.67   -5.56
 3     -4.44   -5.00   -6.67  -11.11  -10.00  -11.22
 4     -5.56   -1.67    0.00   -3.61    1.11   -1.11
 5     -0.56    0.56    0.83   -1.11    1.11   -0.56
 6     -1.11    1.67    2.50   -3.89    4.44    0.00
 7      2.50    6.11    7.78    2.78   10.00    8.33
 8    -99.90    6.94    5.56    6.11    5.00    3.89
 9    -99.90    6.11    6.11    5.00    6.11    3.61
10      5.28    5.28    2.22    5.00    5.00   -0.56
11     -1.94   -0.28   -0.83   -5.00   -0.83   -5.28
12     -4.44    1.67    4.17   -7.78    5.83    6.11
13      2.50    4.17    4.44   -0.56    7.22   -0.28
14      1.11    6.11    7.22   -1.67    7.78    6.94
15      7.78   10.00    7.22    7.78   11.67    1.39
16      1.94    2.22    3.61   -3.89    3.61    0.00
17     -2.22   -3.33   -5.56   -5.56   -8.33   -9.44
18    -11.11  -11.11   -7.78  -15.83   -9.72  -15.00
19    -11.94  -10.00   -8.89  -15.83   -8.33  -10.56
20    -11.11   -8.61   -7.78  -15.00   -6.11  -12.78
21    -11.11   -8.89   -9.44  -14.44  -10.28  -13.33
22    -12.78  -10.56   -8.61  -17.22   -9.72  -10.83
23     -8.33   -8.33   -8.33  -14.72   -7.50  -13.33
24    -10.00   -9.44   -9.44  -14.44  -10.00  -16.39
25    -14.72  -10.00   -8.33  -21.11   -8.33  -11.67
26     -8.33   -6.94   -5.56   -9.72   -5.00   -6.11
27     -6.11   -5.00   -5.56   -9.72   -5.00   -6.67
28     -3.61   -1.11    1.11   -1.39   -0.56    1.94
29      0.28    1.11    1.67   -2.22    1.67    0.83
30      1.11    1.67    3.33   -0.56    3.61    3.06
31      3.33    3.89    3.06    3.06    3.33    3.06
1789
January   
 1      0.00    0.56    0.00   -1.11    0.56   -3.89
 2     -2.78   -1.67   -1.67   -5.28   -2.50   -4.17
 3     -4.44   -3.33   -1.67   -1.67   -2.22   -0.28
 4      0.83    2.78    1.11    1.67    5.00   -1.11
 5     -2.78   -0.56   -1.11   -4.44   -0.56   -4.72
 6     -4.72   -1.67   -1.67   -6.11    0.56   -6.11
 7     -8.33   -6.39   -6.11  -13.61   -8.33   -7.78
 8     -5.00   -1.11    1.11   -6.67    2.78   -0.56
 9     -3.61   -3.89   -5.00   -7.78   -6.67  -10.56
10     -9.72   -7.22   -6.67  -14.44   -5.56   -8.33
11     -8.89   -7.78   -7.78  -11.94   -7.78  -11.67
12    -12.78   -7.78   -6.67  -13.89   -6.39  -10.00
13    -10.00   -6.67   -5.00  -13.06   -6.11   -3.06
14      0.56    3.33    1.67    1.67    3.89   -1.67
15     -4.44   -1.67   -1.67   -8.61   -1.83   -5.00
16     -5.00   -2.78   -1.94   -8.89   -1.11   -6.39
17     -3.89   -2.50   -2.78   -5.56   -2.06   -7.22
18     -5.83   -2.22   -3.33   -8.33   -2.78   -6.67
19     -5.56   -2.78   -1.67   -9.17   -1.67   -4.72
20     -1.11    0.56    5.83   -2.50    2.78    8.33
21      5.83    6.11    3.89    4.72    5.00   -1.11
22     -0.28    0.00   -2.78   -2.50   -1.94   -5.00
23     -5.83   -3.61   -1.67   -9.72   -1.67   -7.22
24     -5.56   -1.67    0.00   -6.67    2.50   -1.11
25     -0.56    1.67    1.11   -2.22    2.78   -1.11
26     -0.83   -0.56   -0.83   -4.17   -2.78   -3.89
27     -0.83   -0.83   -1.67   -3.61   -2.78   -5.00
28     -1.67   -0.83   -0.56   -3.89   -1.56   -3.33
29      0.56    2.22    3.33    0.56    3.89    5.00
30      0.00    0.56    0.28   -2.78    1.11   -2.50
31     -4.44   -3.89   -4.72   -7.78   -6.67  -11.11
1789
February  
 1     -9.72   -8.33  -10.28  -13.89  -10.56  -17.22
 2    -13.89  -13.33  -12.22  -23.61  -12.94  -20.28
 3    -14.44  -10.28   -7.22  -16.39   -3.89  -14.44
 4    -11.39   -9.44   -8.33  -19.17   -6.67  -15.56
 5    -13.06  -10.83   -9.44  -16.67  -10.83  -20.00
 6    -17.22  -10.00   -5.28  -24.17   -3.33   -5.00
 7     -6.39   -3.33   -2.22   -7.50   -0.56  -11.67
 8     -8.06   -5.56   -1.94  -17.22    0.00   -2.22
 9      0.00    3.06    1.67    0.28    3.33   -1.67
10     -1.67    1.11    1.67   -7.78    3.33   -3.06
11     -1.11    1.67    2.22   -6.94    6.11   -4.17
12     -0.83    3.33    5.00   -2.78    6.67    2.22
13      1.94    2.78    2.22   -1.39    1.11   -2.22
14     -3.33   -2.78   -4.44   -6.67   -4.72   -8.89
15     -7.22   -5.56   -2.78  -11.11   -3.89   -7.50
16     -5.28   -2.50   -1.11   -8.06   -0.56   -3.89
17     -2.50    0.00   -2.78   -5.28   -1.11   -8.61
18     -7.78   -4.44   -2.78  -12.50   -3.89  -10.00
19     -8.61   -6.39   -6.39  -13.06   -5.56   -7.78
20     -6.11   -6.11   -5.56   -6.94   -9.44   -5.00
21     -3.89   -1.11    0.56   -5.56    1.11   -1.11
22      0.83    2.50    3.33    1.11    3.06    1.11
23      1.11    0.56   -1.67   -1.67   -3.33   -6.67
24     -4.44   -3.33   -3.89   -8.33   -5.56  -12.78
25    -11.11   -9.44   -9.44  -17.22  -11.94  -15.28
26    -15.00   -9.44   -9.44  -21.67  -10.00  -14.44
27     -8.33   -3.89   -1.67   -7.78    1.67   -3.33
28     -5.00   -3.89   -2.22   -9.44   -2.22   -4.44
29    -99.90  -99.90  -99.90  -99.90  -99.90  -99.90
30    -99.90  -99.90  -99.90  -99.90  -99.90  -99.90
31    -99.90  -99.90  -99.90  -99.90  -99.90  -99.90
1789
March     
 1      2.22    6.94    5.56    3.89    9.72    2.22
 2      1.11    3.33    3.33   -3.06    3.89   -0.28
 3      1.67    3.89    4.44   -2.50    6.67    6.11
 4      3.89    1.67   -3.06    1.94   -4.61  -11.11
 5    -10.56   -5.83   -5.28  -15.00   -7.22   -6.11
 6     -2.50    3.06    5.00   -4.17    5.56    3.33
 7      5.00    7.50    2.22    4.44    8.33   -4.72
 8     -5.00   -3.06   -1.94  -10.56   -4.72   -5.56
 9     -4.44    1.11    2.22   -6.67    3.33   -1.11
10      0.00    3.33    5.00   -3.61    1.67    0.00
11      1.67    7.22    7.78   -1.67   10.00    3.06
12      5.83   10.83   10.00    4.17   13.61    7.50
13      7.50    8.33    7.22    4.44    8.06    3.33
14      2.22    1.67    1.11    0.28   -0.28   -3.78
15     -3.33    1.94    1.67   -8.06    2.22   -1.94
16      3.33    6.11    8.33    4.72    8.33    7.22
17      6.11    7.78    7.78    4.17    9.44    1.39
18      2.50    4.44    3.06   -2.78    5.00    0.56
19      2.78    3.33    4.44    1.39    3.06    3.33
20      2.78    5.28    5.00    1.39    7.22    1.39
21      1.67    3.33    3.33   -1.39    3.33   -2.22
22      1.11    2.22    2.78   -1.11    3.33    0.56
23     -2.78   -1.67    0.00   -5.56   -2.22   -4.17
24     -3.06    0.28    2.22   -6.11    1.11   -2.22
25     -3.06   -1.67    1.11   -6.39   -1.67    0.00
26      0.56    3.89    6.67    0.28    7.78    6.67
27      3.33    7.22    5.56    0.56    8.89    7.22
28      3.33   10.56    8.33   -0.28   12.50    5.83
29      8.61   10.00    9.44    7.22   10.56    4.44
30      4.44    5.56    5.00    0.56    3.89    2.22
31      4.44    5.56    7.22    1.39    8.89    3.06
1789
April     
 1      5.00    5.28    3.89    0.28    4.17    0.83
 2      3.61    5.56    6.67    2.78    7.78    4.17
 3      3.89    9.44   10.56    0.83   13.33    7.78
 4      8.61   12.22   11.67    7.50   14.17    8.89
 5      6.94    8.89    8.89    5.28    8.89    2.78
 6      6.67   12.50   11.11    1.94   16.11    7.22
 7     13.89   13.61    7.22   13.89   12.78    2.22
 8      1.67    3.33    3.33    1.11    5.00    1.67
 9      1.67    6.67    8.33    0.00    8.61    6.67
10      6.67    5.83    9.44    5.28    5.28    8.89
11      7.50    8.33    6.67    8.33   10.28    3.06
12      3.33    6.39    5.00    1.67    7.22    3.06
13      2.78    6.11    7.78    2.22    9.72    3.89
14      5.56    8.06   12.22    5.00   16.39    8.61
15     11.67   17.22   15.00   11.11   21.11    8.33
16      8.33   10.56    9.17    1.94   11.67    4.17
17      5.28    8.33    8.89    2.78   10.56    6.11
18      5.83   10.56    6.67    2.78   14.17    7.78
19      8.89   16.11   16.67   12.22   20.00   15.00
20     15.00   17.22   13.33   14.44   19.44    6.67
21      6.11    5.56    5.28    2.22    5.28    0.56
22      4.44    9.72   11.11   -0.56   12.50   10.00
23     10.00   15.56   15.28    8.33   20.83   11.94
24     13.61   14.44   13.89   12.22   14.44   10.83
25      8.89    7.22    5.56    7.50    5.83    5.56
26      3.33    6.67    7.78    0.56    9.44    3.89
27      4.44    6.67    7.22    0.56    9.72    1.11
28      5.56   11.11    9.44    4.44   13.33    5.56
29      7.78    9.44    2.78    5.83   10.00    4.44
30      6.67    8.89    8.89    3.89    9.72    4.72
31    -99.90  -99.90  -99.90  -99.90  -99.90  -99.90
1789
May       
 1      7.22    9.44    8.61    5.00   12.50    4.17
 2      6.67   10.00    9.44    3.89   12.22    8.33
 3      8.06   12.78   12.22    7.50   17.78   13.61
 4     10.56   15.00   15.56    8.89   21.67   13.33
 5     11.67   11.11   10.00    8.33    8.06    6.67
 6      8.61   11.11   11.11    8.89   11.67    8.06
 7      9.44   14.72   12.78    7.78   17.22   10.00
 8     11.11   10.83    7.78    7.22    6.94    5.00
 9      8.89   12.22   13.61    7.22   15.56    9.44
10     11.11   14.72   12.22   10.56   16.11    7.78
11     10.00   12.22   11.67    7.22   14.44    6.67
12     11.67   17.22   15.56   13.33   20.56    9.44
13     11.67   13.89   12.78    8.33   14.44    9.44
14     16.11    9.17    8.06    7.78    6.67    5.56
15     10.28   11.67    9.44    9.44   12.50    6.11
16      8.33    8.89   10.83    9.44    8.89    9.17
17     10.56   14.44   13.06    7.22   16.11    8.33
18     11.39   15.56   12.50    7.22   18.33    8.89
19     11.11   13.33   11.11    8.33   15.00   12.78
20     12.22   15.56   13.06   12.22   19.17    8.89
21     10.56   12.22   11.67   10.00   13.61    7.50
22     10.00   14.44   13.89   11.94   17.78   11.67
23     12.78   16.11   17.22   12.22   20.00   12.78
24     14.72   17.22   18.06   11.67   20.00   13.89
25     16.11   15.28   12.78   12.22   13.33    8.89
26     11.67   11.94   11.67   10.00   11.94    6.67
27     10.56   14.17   13.89    6.11   18.33    8.33
28     11.67   14.44   13.33    8.33   15.83    8.06
29     11.94   15.83   15.00    7.78   19.72   11.94
30     13.33   21.67   21.11   12.78   28.89   12.22
31     13.89   15.56   16.67    8.33   15.00   12.22
1789
June      
 1     14.44   18.33   17.78   10.56   19.72   13.33
 2     15.28   18.89   18.89   10.56   24.44   16.67
 3     16.67   20.00   17.78   13.33   21.67   10.56
 4     14.44   18.61   17.22    8.89   23.61   13.61
 5     15.56   22.78   21.11   12.22   27.50   18.61
 6     20.28   25.28   25.00   18.33   30.28   23.06
 7     21.67   26.39   22.78   20.56   30.83   20.00
 8     20.56   22.78   23.33   18.33   25.83   20.83
 9     22.78   25.00   22.22   20.56   26.94   18.33
10     19.44   17.50   15.00   15.00   13.33   11.94
11     15.00   16.11   15.83   14.44   14.72   12.78
12     14.44   15.56   16.11   12.78   16.94   14.44
13     16.11   20.00   17.78   15.00   23.33   15.00
14     16.67   20.28   21.11   16.67   25.56   22.22
15     21.67   25.00   21.67   19.44   27.78   15.56
16     17.78   20.00   19.44   15.00   23.61   15.56
17     18.89   20.56   20.28   17.22   23.33   16.11
18     17.78   23.89   23.33   15.56   28.33   19.44
19     21.11   27.22   24.72   21.67   31.11   20.56
20     22.22   25.83   23.89   19.44   28.06   20.56
21     22.78   27.22   23.06   20.56   31.67   18.06
22     20.00   21.67   21.11   17.22   21.39   21.11
23     23.89   27.22   24.44   24.44   30.00   21.11
24     21.11   23.06   21.11   18.33   25.00   14.44
25     18.33   21.11   20.56   15.00   21.67   14.44
26     18.33   22.78   21.11   16.67   26.11   13.61
27     19.44   26.11   23.89   17.50   27.22   20.56
28     21.39   27.22   23.61   20.00   30.56   20.00
29     22.22   27.78   26.11   19.72   31.39   23.89
30     24.72   30.56   28.06   24.44   35.00   26.11
31    -99.90  -99.90  -99.90  -99.90  -99.90  -99.90
1789
July      
 1     26.67   30.83   26.11   25.00   33.89   24.72
 2     26.67   30.56   26.11   25.00   32.22   24.44
 3     26.67   28.33   26.67   25.00   30.00   22.78
 4     24.44   21.11   18.89   15.83   16.67   20.00
 5     18.33   19.72   19.44   16.67   19.17   20.56
 6     20.56   22.50   22.78   20.00   28.61   18.61
 7     20.56   22.22   21.67   17.22   23.33   18.33
 8     21.11   26.11   23.89   19.44   29.17   22.78
 9     23.89   28.89   27.22   22.78   32.22   24.44
10     25.00   27.22   23.89   22.78   29.44   19.44
11     21.39   23.33   21.67   18.33   24.44   21.11
12     21.11   23.06   23.61   22.22   19.72   21.94
13     23.06   25.56   24.44   21.94   28.61   21.39
14     22.50   22.78   21.94   20.28   23.89   15.83
15     18.89   20.56   23.33   16.94   25.00   17.22
16     18.89   22.50   21.11   17.22   25.00   18.61
17     20.83   23.06   21.67   19.44   26.11   20.00
18     20.56   24.17   21.11   19.44   27.50   15.56
19     20.28   23.33   22.50   19.17   28.61   17.22
20     21.67   23.89   24.17   20.00   28.89   20.56
21     21.67   25.56   23.33   17.78   29.44   19.44
22     22.50   26.67   24.17   21.67   32.78   19.17
23     23.33   29.17   25.00   22.22   32.78   23.33
24     25.00   29.44   28.89   24.44   33.33   27.50
25     23.89   22.78   22.22   22.22   23.89   16.11
26     19.44   22.78   21.94   17.22   23.89   16.39
27     20.00   23.33   21.94   16.67   23.06   16.11
28     19.44   22.78   21.39   16.11   23.89   15.83
29     18.33   23.06   21.11   15.00   23.89   17.78
30     19.44   21.67   20.00   19.72   23.33   17.78
31     20.56   19.44   19.44   17.78   18.33   18.06
1789
August    
 1     17.78   19.44   19.44   17.78   20.00   18.33
 2     19.44   19.44   18.33   19.17   20.00   17.22
 3     17.78   18.89   18.33   16.39   17.50   16.67
 4     17.78   19.44   19.17   16.39   21.67   17.22
 5     19.44   25.00   23.33   21.11   29.72   19.72
 6     23.61   26.11   25.00   22.50   29.44   25.56
 7     23.89   27.50   25.83   22.78   31.11   23.61
 8     24.17   29.44   25.28   25.56   31.11   23.33
 9     25.00   28.61   26.67   25.00   34.44   25.00
10     25.56   29.72   29.72   23.89   33.89   25.56
11     26.11   34.44   27.78   23.89   35.00   25.28
12     25.56   28.89   26.39   24.44   33.33   25.00
13     25.83   27.78   26.39   23.89   29.44   22.78
14     23.06   23.06   22.50   20.83   22.78   19.44
15     22.50   23.89   22.22   25.00   24.44   19.44
16     21.67   22.50   23.89   20.00   22.78   23.89
17     21.11   21.67   20.56   18.61   23.89   16.11
18     17.78   21.67   21.11   13.89   25.00   16.39
19     19.44   21.11   21.11   18.61   22.50   18.89
20     20.00   23.33   22.22   16.67   26.11   17.78
21     16.94   19.44   18.89   12.22   21.11   12.78
22     16.11   19.72   19.17   12.50   22.78   12.22
23     17.22   20.00   20.00   11.67   21.67   13.33
24     16.67   19.44   19.72   11.11   21.11   15.28
25     18.61   20.56   21.11   12.22   21.67   19.44
26     21.11   23.33   22.22   20.00   23.61   20.83
27     22.78   25.56   25.00   22.22   28.89   23.89
28     23.33   23.89   22.78   21.11   26.67   19.44
29     21.11   19.72   18.61   18.61   16.11   15.83
30     18.33   20.56   17.50   16.11   25.00   10.56
31     13.06   15.00   15.56    7.22   16.67    9.44
1789
September 
 1     12.22   16.11   17.22    8.06   19.44   13.89
 2     17.78   20.28   21.11   17.22   21.67   18.89
 3     19.17   18.89   17.22   16.67   20.00   11.67
 4     13.33   16.11   15.56   12.22   18.06   12.78
 5     13.89   16.11   16.11   10.00   18.33   12.22
 6     13.89   16.39   16.94   12.50   18.61   15.00
 7     15.00   17.22   17.22    9.17   20.28   11.67
 8     13.89   17.22   18.33    8.33   21.67   14.44
 9     15.56   18.06   18.89   13.33   23.89   13.33
10     14.72   19.72   20.56   11.67   23.89   18.06
11     19.44   21.67   20.56   17.22   23.89   14.72
12     18.06   21.67   22.50   15.83   24.44   20.56
13     20.56   22.22   21.67   18.61   25.56   14.72
14     16.67   19.72   19.17   12.78   22.22   13.89
15     18.33   19.72   19.72   16.67   20.00   17.22
16     16.94   17.78   18.33   11.39   18.89   13.61
17     13.89   15.00   14.44   11.94   15.00   11.11
18     13.06   15.28   16.39   12.78   18.33   13.06
19     12.78   13.61   14.44    8.89   15.28    8.61
20     12.22   16.11   17.50    8.06   21.67   16.11
21     16.39   22.78   23.89   17.78   27.78   21.11
22     21.39   22.22   20.00   18.89   20.83   11.94
23     16.11   21.67   20.56   12.50   24.44   15.28
24     17.78   22.22   20.00   15.56   25.00   14.72
25     17.22   20.00   20.00   14.72   20.00   16.67
26     19.44   20.83   20.56   17.78   23.33   18.33
27     19.72   17.78   15.56   17.78   15.56   13.89
28     16.11   19.72   20.83   15.00   23.33   19.44
29     17.50   15.56   14.17   12.78   13.33   13.89
30     13.89   14.44   15.56   11.94   15.56   10.28
31    -99.90  -99.90  -99.90  -99.90  -99.90  -99.90
1789
October   
 1     11.11   13.61   13.06    7.50   16.11    7.22
 2      8.89   10.83   11.11    4.44   11.94    5.56
 3      7.22   11.11   11.39    0.83   14.44    7.22
 4     11.11   12.78   12.78   11.67   14.72   11.39
 5     12.78   13.33   13.33   10.56   15.00    9.44
 6     10.56   10.56    8.89    8.06    8.61    6.11
 7      7.22   10.56   11.11    6.94   13.61    8.33
 8      8.33   13.33   14.44    5.56   16.94   10.00
 9      8.61    9.44    9.44    3.33    9.72    5.28
10      6.11    8.61   10.00   -0.56   11.11    5.83
11      6.94    9.44   10.00    5.56   13.06    8.06
12      6.94    8.06    7.78    4.72    6.94    5.28
13      4.44    9.44   10.56    2.78   11.67    6.11
14      9.44   10.56   11.11    7.50   10.56    7.22
15     12.22   13.89   14.44   12.78   16.67   13.06
16     13.06   14.44   12.22   10.56   16.11    7.22
17      8.89   13.06   12.78    2.78   15.56    4.44
18      8.89    9.72   10.56    1.67   12.50    8.89
19     10.00   11.11   10.83    8.33   13.33    5.56
20      7.22   13.33   13.33    4.17   16.67   10.56
21     10.28    9.17    7.78    3.89    5.56    2.22
22      4.44    6.67    5.00    3.06    8.33    0.83
23      2.78    5.00    5.28    2.78    6.11   -1.94
24      1.67    4.17    6.11   -2.22   10.28    6.11
25      6.11    9.44    9.17    2.78   11.67    3.61
26      6.67    7.78    8.89    5.00    7.50    8.89
27      6.94    6.67    5.28    2.22    6.11    3.33
28      3.33    4.72    3.89    2.22    6.11    3.89
29      3.06    4.17    4.44    1.39    5.00    2.78
30      8.89    3.33    2.78    0.56    3.06    0.56
31      1.11    3.06    3.33   -0.28    5.00   -0.28
1789
November  
 1      1.67    5.56    6.11    0.00   10.28    3.06
 2      8.33   12.78    7.22    3.89   13.33    3.33
 3      6.11    7.22    7.78    8.33    7.50    6.94
 4      0.00    0.28   -3.06   -3.33   -2.22   -5.83
 5     -4.44    0.00    1.11   -5.00    1.94   -0.56
 6      0.56    3.89    6.11    0.00   10.56    5.83
 7      6.67   12.22   12.22    7.78   16.67   11.39
 8     12.22   11.67    8.89   10.00   10.56    1.94
 9      5.00    7.22    9.17    0.00   10.28   19.44
10     10.56   12.22   12.78   11.67   13.61   11.94
11     10.00   11.39   10.56    6.11   12.78    6.67
12      9.44    9.72    8.89    8.89    8.06    7.22
13      8.33    8.61    9.17    6.11    8.89    8.89
14     10.00   12.78   11.11   11.94   15.56    5.56
15      5.83    7.78    8.33   26.67   10.56    7.22
16     10.56   12.78   10.56   12.22   15.56   13.33
17      9.44    8.89    5.83    3.61    6.11    0.00
18      1.11    1.11    0.56   -5.56   -0.56   -5.72
19    -16.17    1.67    2.50   -2.78    3.89    0.56
20      1.11    3.33    4.17   -1.67    5.28    1.11
21      4.44    7.22    8.89    3.89   10.00   10.00
22     11.67   12.22   11.11   12.22   13.89    8.33
23      5.28    5.00    1.11    1.39    1.67   -2.78
24     -2.78    0.28    2.50   -3.33    4.44   -0.28
25     -0.56    2.78    4.44   -3.33    6.94    3.33
26      5.00    5.56    5.56    5.28    5.83    5.00
27      5.00    4.44    4.44    3.33    3.33    4.72
28      5.00    5.83    5.28    5.00    5.28    4.44
29      5.56    6.11    6.11    4.44    8.06    5.56
30      6.67    8.89    9.17    7.22   10.00    8.33
31    -99.90  -99.90  -99.90  -99.90  -99.90  -99.90
1789
December  
 1      5.56    5.83    3.33    3.89    5.56    2.78
 2      1.94    3.33    2.78    1.67    5.00    0.56
 3      0.28    1.11    0.83   -1.67    0.56   -0.28
 4      1.67    1.11    1.11   -1.67    3.89   -0.83
 5     -0.83    3.61    2.78   -2.22    9.44   12.22
 6      3.33    4.72    5.56    3.06    5.56    2.78
 7      6.39   12.22   12.50    9.44   15.83    8.89
 8      5.00    5.83    3.61    1.94    5.56   -1.11
 9      0.56    4.17    3.33   -1.67    6.39    0.00
10      0.00    5.83    6.94   -3.33    9.72    4.44
11      4.44    5.83    6.67    0.56    7.50    5.83
12      5.00    1.94   -0.56    0.56   -1.11   -4.72
13     -3.89   -3.89   -5.83   -6.94   -7.22   -9.44
14     -8.33   -5.28   -3.89  -10.56   -3.33   -8.06
15     -6.94   -4.44   -0.56   -9.44    0.00    0.56
16      1.67    3.89    5.00    3.33    7.22    4.72
17      5.00    5.56    5.00    4.72    6.11    3.89
18      4.44    5.56    5.00    3.33    5.83    2.22
19      1.94   -0.28   -4.17   -1.11   -4.44   -9.44
20     -6.67   -3.33   -1.67   -7.78    0.00   -2.78
21     -0.56    0.28    0.00   -6.11    0.00   -1.67
22     -1.11    0.00    0.00   -2.50    0.83   -3.89
23     -2.22    0.00    0.56   -4.44    2.22    0.56
24      0.00    1.67    1.11    0.00    1.39   -6.11
25     -1.11   -0.56   -0.56   -3.33   -0.28   -7.22
26     -4.44    0.56    1.67   -7.78    5.00    1.39
27      3.33    4.44    4.44    3.33    7.22    1.94
28      3.06    2.78    1.67    1.67    0.83    0.28
29      1.67    1.67    0.00    0.56    0.56   -3.89
30      3.33    0.28    0.00   -7.78    1.67   -2.78
31      1.11    3.61    7.22    1.11    9.72    8.89
