1821
      January             February            March     
 1    15  16  31  24  19  38  40  42  38  32  26  34  37  35  33
 2    13  16  21  18   9  24  29  38  34  34  27  34  37  32  27
 3    -1   2  15  12  11  30  35  39  32  32  27  30  40  34  29
 4     9  14  25  20  18  31  32  32  31  31  18  22  29  23  20
 5    11  13  20  14  12  26  26  29  29  19   8  11  24  23  19
 6     4   8  24  21  20  13  14  29  24  23  12  18  30  22  13
 7    11  12  12  14   8  21  28  39  33  26  11  19  33  29  24
 8     1   9  25  20  12  19  21  31  24  20  14  23  39  32  24
 9     9  19  34  31  28  14  24  39  31  38  12  27  47  40  36
10    19  22  27  19  11  32  39  48  39  36  28  38  53  44  41
11     6  10  30  30  29  27  28  41  32  31  34  37  35  34  32
12    15  19  34  27  23  29  32  45  44  39  21  30  45 -99  34
13    19  24  34  30  28  41  41  47  39  31  29  37  52  45  42
14    14  14  14  14  13  27  32  36  30  30  35  42  50  43  35
15     1   6  22  16   4  26  24  38  32  24  28  38  58  48  41
16     0   3  20  16   6  15  24  36  30  28  32  35  47  47  47
17     2  10  22  19  10  24  28  32  31  27  31  39  32  22  17
18    -1   3  14   7   0  20  26  37  30  34  14  18  26  22  17
19    -9  -3  19  16  12  13  20  42  32  34  10  14  22  19  12
20     6  11  26  20  15  28  38  44  41  41  10  22  30  30  36
21    10  20  37  28  25  27  34  45  37  32  23  48  46  38  30
22    13  20  32  21  23  21  34  46  36  34  21  33  39  32  31
23    13  23  40  29  22  28  33  33  34  29  27  34  41  39  34
24    -4  -2   2  -2 -11  20  24  30  24  10  33  37  53  46  38
25   -16 -13   1   0  -5   8  15  34  27  25  28  34  43  40  37
26   -16  -1  21  18  17  19  27  39  33  31  26  35  42  36  34
27    13  22  38  34  36  30  33  27  23  16  24  32  41  31  22
28    25  33  45  31  28   8  13  31  31  32  14  21  37  28  22
29    21  24  36  28  21 -99 -99 -99 -99 -99  15  25  38  32  26
30    13  32  46  41  34 -99 -99 -99 -99 -99  18  30  44  36  35
31   -99  41  52  46  42 -99 -99 -99 -99 -99  16  41  60  42  40
1821
      April               May                 June      
 1    33  37  47  37  36  48  57  74  64  61  50  57  50  51  50
 2    33  35  44  35  32  47  62  65  53  51  41  55  72  60  56
 3    19  27  33  28  26  44  48  57  48  42  46  65  81  66  64
 4    19  24  38  34  30  40  46  51  45  42  55  70  89  75  70
 5    23  34  45  34  32  35  40  42  40  40  54  73  91  72  69
 6    22  38  48  44  39  38  41  45  41  39  54  75  87  69  67
 7    34  46  60  53  45  36  42  55  54  54  56  68  80  66  62
 8    39  52  56  52  44  36  56  61  44  44  55  65  76  63  63
 9    32  39  50 -99  36  35  51  67  54  49  59  70  72  68  68
10    26  39  55  43  39  41  55  75  62  55  60  70  78  65  60
11    25  40  45 -99  34  40  58  58  54  54  50  67  75  64  61
12    33  35  35  34  35  38  55  60  51  49  63  67  81  70  66
13    33  40  50  44  40  44  60  77  61  56  64  78  92  64  60
14    31  37  53  46  41  48  54  62  51  46  52  56  55  50  48
15    32  43  53  44  38  36  54  60  50  48  42  53  68  56  53
16    26  38  51  42  39  41  58  70  58  51  47  65  77  65  59
17    17  35  30  28  30  42  57  63  51  51  48  64  74  65  60
18    28  32  38 -99  34  48  52  60  51  51  48  64  75  62  58
19    27  36  45  40  37  46  58  64  55  48  56  65  73  61  60
20    27  39  50  44  38  39  53  63  54  52  57  63  74  61  62
21    25  44  60  53  56  45  53  63  54  50  57  64  67  61  60
22    44  46  55 -99  44  41  53  63  54  51  58  61  70  67  63
23    31  47  58  53  46  45  57  68  56  55  57  68  71  61  60
24    29  50  69  54  48  39  58  69  58  52  57  74  94  79  74
25    37  50  70  45  41  43  60  68  56  53  66  79  84  70  67
26    29  45  55  45  42  49  56  54  53  53  63  77  88  73  67
27    37  50  53  42  38  48  61  74  63  59  64  75  86  71  70
28    27 -99  57  48  42  50  63  78  69  66  64  77  71  64  63
29    34  50  71  61  56  49  60  77  61  59  59  63  71  63  58
30    51  56  70  61  57  48  69  79  71  67  54  69  80  70  67
31   -99 -99 -99 -99 -99  61  76  88  65  64 -99 -99 -99 -99 -99
1821
      July                August              September 
 1    53  74  85  69  65  78  83 100  85  80  63  74  79  70  70
 2    58  70  82  69  66  69  79  87  75  72  63  73  81  73  71
 3    58  68  70  66  59  68  76  82  72  70  68  75  87  74  71
 4    47  60  69  59  56  67  74  89  78  72  69  74  75  73  69
 5    42  61  73  61  57  60  74  86  72  66  64  68  75  70  63
 6    47  62  70  60  57  58  69  81  71  65  63  67  77  67  60
 7    48  64  76  66  62  57  64  76  67  65  51  56  68  62  60
 8    48  68  86  66  62  56  66  71  63  58  60 -99  86  73  70
 9    58  65  80  67  65  49  63  79  68  64  65  70  84  74  72
10    58  68  77  66  62  50  69  88  77  72  64  74  76  68  62
11    58  64  65  63  63  55  76  92  82  78  52  62  75  61  59
12    52  61  71  66  62  55  70  79  70  64  52  57  67  61  60
13    52  64  80  69  61  54 -99  85  72  77  51  60  72  64  55
14    50  64  80  69  64  60  72  93  80  74  51  60  71  63  55
15    49  69  85  70  65  66  80  99  88  80  46  55  67  58  53
16    58  72  87  71  65  68  78  93  72  68  45  57  71  61  58
17    56  71  83  71  69  63  71  80  65  64  54  58  61  58  58
18    63  76  88  69  64  62  77  91  69  70  56  62  67  61  57
19    54  69  81  67  64  61  75  84  69  67  47  56  68  62  56
20    53  70  80  64  62  59  71  85  75  71  46  54  62  54  54
21    53  68  76  64  61  63  72  80  69  62  52  64  75  67  60
22    58  64  75  66  61  55  64  75  65  59  48  57  69  61  54
23    55  65  78  67  66  52  63  77  65  60  46  55  71  64  57
24    54  69  70  66  64  52  63  78  66  66  46  57  61  56  57
25    55  65  78  66  65  59  66  78  65  60  45  58  74  66  61
26    62  75  79  70  66  54  63  76  66  68  40  48  61  54  47
27    64  73  80  70  67  54  64  69  64  57  36  45  62  54  49
28    59  72  89  77  72  50  63  75  64  58  36  54  70 -99  53
29    58  76  80  66  65  50  67  78  65  66  43  50  67  58  53
30    62  72  93  82  79 -99  71  73  69  64  44  49  70  59  57
31    62  83  94  80  78  63  73  88  75  70 -99 -99 -99 -99 -99
1821
      October             November            December  
 1    53  58  62  60  60 -99  51  55  48  43  21  22  30  26 -99
 2    56  61  67  60  56 -99  39  53  46  38  17 -99  38  35 -99
 3    54  58  70  67  57 -99  31  55  51  51  34  36  46  40  33
 4    45  53  67  58  49 -99  53  67  53  45  30  33  45  39  35
 5   -99  53  72  64  58 -99  57  46  45  45  33  35  40  38  35
 6   -99  61  77  64  53 -99  43  47  45  47  30  32  34  30  27
 7   -99  47  63  55  54  43  49  59  48  44  22  28  40  33  27
 8   -99  57  61  58  47  40  44  57  50  42  25  29  37  37  37
 9   -99  41  58  50  44  33  36  53  48  48  25  29  42  37  30
10   -99  43  53  46  39  46  50  54  51  40  19  27  35  34  34
11   -99  35  53  44  42  29  33  48  42  46  31  34  35  34  28
12   -99  49  53  52  60  39  48  57  46  39  19  22  30  27  21
13   -99  61  70  61  33  29  33  45  38  32  19  30  34  34  35
14   -99  49  60  51  46  26  30  41  37  33 -99  28  33  27  22
15   -99  40  58  52  51  28  33  44  40  36  13  17  24  20  15
16   -99  43  62 -99  46  26  34  47  44  43   8   9  25  21  19
17   -99  39  55  46  39  32  44  41  38  48  18  22  37  33  30
18   -99  37  44  42  41  30  36  49 -99  35  28  34  36  34  31
19   -99  34  43  40  33  30  36  42  37  34  17  19  31  28  24
20   -99  32  48  48  42  28  32  44  39  34  17  22  30  30  30
21   -99  42  67  62  56  29  33  42  40  35  29  35  38  38  33
22   -99  51  58  44  36  28  35  44  45  46  31  34  35  31  28
23   -99  32  57  42  33  32  36  47  42  35  21  21  30  19  14
24   -99  31  50  44  35  27  34  41  38  40   9  17  30  27  26
25   -99  32  48  40  39  27  44  41  39  35  19  22  27  26  24
26   -99  37  64  56  48  25  29  40  35  30  10  15  23  20  13
27   -99  45  70  59  55  24  28  36  31  28   9  17  29  21  20
28   -99  46  60  54  48  17  21  35  30  23  19  26  42  38  27
29   -99  45  68  64  56  20  23  31  30  28  10  10  10   7   3
30   -99  48  62  53  44  23  26  29  28  24   0   4  12  18  20
31   -99  35  54  46  45 -99 -99 -99 -99 -99  10  13  30  25  17
1822
      January             February            March     
 1    10  14  34  32  31  18  19  35  27  21  38  41  64  55  49
 2    35  35  41  31  18   7  11  29  25 -99  37  40  54  45  45
 3     6   9  33  32  32   5   8  35  27  30  44  44  51  40  33
 4    12  12  14   8   2  20  32  35  34  32  28  36  42  37  32
 5    -7  -6   5   2  -1   7   9  27  20  17  26  34  56  50  40
 6    -3   9  23  19  15   8  26  35  33  26  32  43  65  46  38
 7     7   9  26  22  19   8   9  15  11   8  31  37  38  34  34
 8    17  30  34  34  32   1  17  27  23  15  29  31  31  25  20
 9    25  26  35  27  26   1   4  36  30  22   9  16  26  20  17
10    16   6  14   8   5  18  26  31  22  12  11  18  37  31  26
11    -2   0  19  15   4   5   8  27  21  24  21  24  47  40  42
12    11  27  36  31  25  18  27  26  23  20  13  43  58  51  35
13    23  27  26  18  12  17  17  24  20  16  32  30  36  27  23
14    -9  -5   7   5   7  11  15  18  17  16  20  26  37  37  27
15     0  20  35  29  20   3   8  26  26  10  20  28  45  39  30
16    12  14  20  15   5   3  10  35  32  35  20  34  44  41  33
17    -3   0  16  12  14  33  36  40  37  33  25  30  45  37  41
18    11  18  35  34  34  26  31  32  14  22  32  40  46  40  32
19    32  39  47  41  35  19  25  33  28  19  23  35  45  35  33
20    32  35  39  35  33   9  18  38  34  32  21  33  60  50  40
21    27  29  42  38  36  32  36  41  44  46  30  36  43  35  30
22    34  36  48  39  37  32  39  52  46  40  24  36  40  35  35
23    22  22  16  18   0  18  19  23  20  18  34  39  40  34  28
24    -4  -2   5  12   1  15  26  40  35  31  22  29  45  39  33
25    -4  -1   9   6   5  18  18  21  16  14  28  32  41  34  30
26     4   7  30  26  24   9  14  38  33  28  25  32  60  53  45
27    23  27  34  31  24  25  32  53  49  45  25  40  45  35  38
28    13  17  38  31  25  32  37  53  45  40  35  47  53  51  54
29    13  30  38  34 -99 -99 -99 -99 -99 -99  32  38  42  33  27
30    23  29  34  30  32 -99 -99 -99 -99 -99  21  33  40 -99  29
31    20  22  34  21  20 -99 -99 -99 -99 -99  23  30  40  35  34
1822
      April               May                 June      
 1    33  43  50  42  32  53  67  75  60  54  60  65  80  72  60
 2    22  27  41  35  33  51  62  75  73  67  58  68  80 -99  63
 3    33  39  57  46  38  51  57  65  57  50  60  68  80  69  62
 4    23  32  49  44  35  38  48  63  55  50  56  61  59  56  50
 5    34  39  42  37  35  42  42  44  50  45  42  50  66  56  53
 6    29  32  45  37  33  35  46  60  53  45  49  57  68  56  52
 7    32  40  61  47  45  35  50  71  55  53  47  61  70  60  58
 8    32  49  47  43  36  53  59  70  60  52  56  67  82  65  60
 9    28  37  39  36  34  39  54  63  50  49  52  62  80  70  62
10    32  35  37  35  36  38  51  53  51  49  51  70  85  76  70
11    34  41 -99 -99 -99  38  51  64  51  48  52  68  74  70  69
12    35  42  51  43  38  37  53  68  56  55  57  71  82  66  62
13    37  40  40  40  42  46  57  79  60  56  53  60  68  59  55
14    36  37  58  56  50  40  60  76  62  56  48  65  71  59  53
15    36  40  50  42  34  54  63  73  70  62  53  63  85  75  68
16    30  36  42  39  39  47  55  66  55  52  52  76  95  70  63
17    37  44  53  45  38  42  57  68  55  52  51  67  78  60  59
18    29 -99  45  40  36  50  61  76  63  60  53  55  65  53  50
19    33  39  45  42  40  48  58  67  58  55  44  61  68  58  56
20    36  39  44  39  35  43  55  65  59  54  49  61  70  58  57
21    25  39  47  40  38  42  59  71  61  62  55  64  81  73  68
22    35  40  43  42  39  60  67  79  68  65  60  64  84  70  63
23    35  40  46  40  40  59  70  84  67  60  56  69  83  72  65
24    39  44  60  53  46  48  60  69  55  50  59  64  68  68  62
25    38  52  64  49  62  39  52  62  51  46  58  71  83 -99  65
26    47  58  68  58  43  41  55  63  57  54 -99  66  75  74  65
27    40  44  60  49  44  50  66  74  72  65 -99  68  83  64 -99
28    50  54  62  53  49  61  74  93  75  72  58  68  87  70  69
29    45  57  69 -99  50  63  77  88  69  61  61  71  86  73  69
30    41  55  69  58  58  55  65  68  57  55  65  72  84  71  68
31   -99 -99 -99 -99 -99  52  64  79  69  67 -99 -99 -99 -99 -99
1822
      July                August              September 
 1    64  81  97  75  73  53  67  79  68  65  51  63  78  70  65
 2    65  72  75  64  42  51 -99  90  77  73  50  71  80  71  68
 3    59  62  80  67  65  69  75  92  81  74  60  69  83  76  70
 4    60  71  85  74  73  68  71  87  75  71  60  69  82  70  67
 5    60  74  80  70  66  67  72  83  70  65  50  60  75  68  61
 6    64  75  87  75  73  49  62  72  63  59  48  61  73  63  59
 7    68  80  92  78  74  46  63  72  63  56  45 -99  77  68  66
 8    62  67  68  64  63  57  62  73  64  60  39  64  80 -99  63
 9    57  68  81  71  64  54  67  79  68  64  39  66  83  72  65
10    57  72  86  68  67  54  69  83  73  69  60  68  80  71  68
11    63  67  82  72  69  65  74  88  78  73  60  73  86  79  70
12    63  71  84  70  68  67  76  94  77  71  57  68  80  70  68
13    63  73  92  77 -99  65  76  94  70  66  59  70  86  70  67
14    68  69  81  78  71  53  66  77  68  65  58  68  70  67  66
15    68  77  88  72  70  61  70  78  76  67  61  68  83  77  73
16    68  75  83 -99  68  54  65  82  75  68  61  66  75  68  57
17    60  70  82  74  69  60  74  89  84  65  45  54  65  54  46
18    64  75  87  75  75  53  66  76  66  63  35  48  67  62  51
19    62  70  89  77  73  53  69  71  69  67  45  66  68  61 -99
20    62  80  95  82  76  66  72  88  74  69  58  61  65  63  63
21    71  78  96  76  72  63  75  75  65  65  55  63  73  64  55
22    66  73  82  69  65  61  67  74  63  62  42  50  63  54  45
23    62  71  82  72  68  58  64  68  63 -99  34  42  65  57  49
24    65  75  88  75  60  52  63  74  64  62  38  45  79  61  55
25    64  74  83  69  64  52  62  76  67  62  38  50  71  63  57
26    53  61  73  64  59  51  65  78  67  61  37  61  80  70  66
27    48  62  75  70  63  50  64  70  65  61  64  69  83  74  70
28    59  64  72  70  69  54  62  72  65  64  68  72  83  73  70
29    60  69  82  70  65  54  67  80  68  80  65  70  72  68  66
30    58  71  80  66  63  47  61  74  64  58  64  67  82  72  62
31    51  67  77  67  63  44  60  75  66  63 -99 -99 -99 -99 -99
1822
      October             November            December  
 1    46  50  62  55  50  37  40  49  42  34  57  64  65  53  38
 2    43  49  66  59  44  25  30  44  40  37  28  30  38 -99  30
 3    39  46  57 -99  43  31  33  47  42  32  26  30  36  25  33
 4    38  43  62  53  48  21  28  47  40  31   4  11  30  23  22
 5    38  48  64  52  50  23  28  55  45  42  11  17  35  31  30
 6    30  52  68  50  48  33  35  51  43  38  15  22  31  24  16
 7    46  52  68  62  58  31  37  54  44  50   9  15  35  28  35
 8    45  63  69 -99  58  31  51  58  45  42  25  31  45  40  32
 9    47  54  64  48  44  37  40  41  38  32   9  25  37  34  33
10    48  58  75  68  64  24  29  47  40  34  31  34  40  40  33
11    59  63  63  61  60  33 -99  60  45  42  31  40  55  50  41
12    55  61  72  66  59  31 -99  65  63  55  25  28  39  36  22
13    49  56  70  62  51  41  44  42  48  45  24  32  39  37  36
14    41  48  52  48  46  41  44  44  42 -99  24  35  44  42  40
15    36 -99  55  48  38  34  35  49  43  35  34  42  38  26  13
16    33  46  64  59  58  29  33  58  51  41   5   9  24  22  22
17    45  51  67  57  50  37  38  63  50  44  15  34  41  38  30
18    45  53  71  63  62  37  40  42  45  47  19  23  36 -99  33
19    56  62  73  63  62  36  42  57  51  41  19  42  48  45  47
20    57  57  56  54  53  32 -99  51  48 -99  31  37  38 -99  29
21    50  50  62  54  52  42  55  54  53  43  23 -99  32  29  28
22    48  52  59  48  38  38  40  43  41  41  20  24  49  32  24
23    30  35  51  43  38  36  37  48  45  43  15  18  19  15   8
24    30  34  59  44  40  31  32  37 -99  25   2  11  28  25  18
25    29  35  48  42  35  21  27  43  43  49  12 -99  31  29  29
26    26  32  46 -99 -99  37  41  48  30  30  14  18  32  30  21
27    26  31  47  42  42  19  28  42  34 -99  10 -99  23  27  24
28    39  41  47  45  37  28  35  44  45  51  20  22  34  30  25
29    35 -99  54  47  42  42  44  53  46  39  11  14  38  32  30
30    36  40  50  48  39  35  49  63  60  60  14  16  31  26  18
31    36  40  58  55  50 -99 -99 -99 -99 -99   9  12  25  20  16
1823
      January             February            March     
 1    12  21  30  21  34  14  17  24  17  16  -1 -99  32  24  19
 2   -99 -99  44  40  32   2 -99  33  29  21   5 -99  39  33  33
 3    18  23  38  33  31  12  27  32  32  32  15  17  13   9   4
 4    24  26  29  25  21  23  27  43  31  22  -6   3  20  17  13
 5    19  35  20  21  16   5  10  24  17  13  10  21  44  37  39
 6     3   8  18  11   5   0 -99  14   9   6  38  42  45  44  42
 7    -5   0  16  11   9  -5   0  12   8   5  30  33  35  27  22
 8     4  18  33  28  19   0 -99  18  16  15  16  24  40  36  33
 9    13 -99  34  31  31   7  11  29  22  16  31  34  39  34  28
10    10 -99  39  36  28   9  14  34  32  29  16  20  30  26  27
11     4   7  14  10  10   9  31  39  33  32  21  27  32  30  32
12     6  12  23 -99  17  31  38  39  33  32 -99  34  40  35  31
13     2   4  16  11   8  18  22  32  25  18  20  30  42  37  32
14    -3   2  16  12   7   9  18  35  33  29  28  37  41  31  33
15     3 -99  37  28  30  20  23  37  29  18  28  33  35  32  27
16     5  12  33  28  21  14 -99  24 -99   9  16  22  36  37  30
17    10  14  35  27  23  -5   3  24  16  17  24  32  31  38  35
18    18 -99  40  34  36  17  21  35  23  17  32  37  39  37  34
19    15 -99  49  44  40   3   9  13  12  10  32  36  42  37  32
20    26  37  39  37  37   6 -99  34  18  20  24  31  31  31  29
21    32  34  41  33  29  12  28  43  33  32  22  29  38  29  24
22    23  27  42  32  31  10  35  44  32  26  18  32  50  44  38
23    24  30  35  32  24   9  17  24  28  30  29  42  48  38  34
24    15  17  33  29  27  16  19  20  18  18  34  44  59  43  34
25    20  24  36  32  31  18  22  37  29  23  25  34  46  38  35
26    23  31  28  34  33   9  17  38  31  32  29  32  34  32  32
27    32  33  39  34  33  22  27  37  25  12  24  31  43  35  30
28    29  31  41  34  32   2   7  19  13   6  24  36  44  35  31
29    25  29  36  31  21 -99 -99 -99 -99 -99  24  35  46  38  33
30    17  23  38  31 -99 -99 -99 -99 -99 -99  27  35  38  34  31
31    16  23  34  32  28 -99 -99 -99 -99 -99  28  30  35  34  36
1823
      April               May                 June      
 1    24  38  53  45  37  36  48  58  45  45  39  60  69  58  57
 2    26  40  55  45  41  40  44  46  45  49  40  63  73  63  62
 3    33  35  53  49  47  39  43  64  58  48  48  67  69  58  54
 4    23  38  43  33  28  43  59  67  51 -99  46  56  70  62  58
 5    21  28  43  36  33  25  40  46  40  35  55  74  90  75  67
 6    29  40  63  57  53  26  39  55  50  49  51  61  71  65  60
 7    49  55  61  59  55  38  54  62  46  43  48  64  75  67  63
 8    49  55  62  43  37  37  51  55  43  43  57  65  57  56  51
 9    28  38  47  38  36  38  40  44  40  39  45  50  58  50  45
10    28  35  35  35  34  37  42  52  43  40  40  58  64  54  51
11    32  35  36  32  30  38  42  54  49  44  45  62  68  57  54
12    25  34  42  38  32  34  49  59  51  48  44  62  72  59  53
13    24  40  56  49  40  39  49  58  46 -99  50  63  77  65  56
14    33  46  59  42  36  38  40  48  44  44  55  61  88  71  67
15    28  41  51  43  41  38  50  63  52  49  53  65  70  60  58
16    27  49  65  62  55  43  57  67  51  52  51  58  68  63  61
17    48  57  63  60  54  45  54  65  54  52  59  73  92  71  70
18    49  59  68  63  57  44  60  70  58  55  65  84  93  75  72
19    37  51  63 -99  47  51  63  78  68  65  88  82  96  81  74
20    33  50  54  48  45  57  62  70  55  52  60  67  76  62  60
21    40  50  48  40  39  50  56  69  63  63  53  70  79  72  58
22   -99  38  47  40  39  55  61  71  60  56  44  51  68  59  54
23    30  40  56  53  58  48  62  73  62  54  44  62  79  63  61
24    34  45  55  48  35  43  61  72  59  55  52  63  80  68  64
25    33  39  52  44  43  51 -99  86  67  61  53  69  79  65  63
26    37  48  65  62 -99  43  50  68  58  50  58  69  81  67  64
27    49  55  70  55  50  37  56  68  59  51  57  61  62  58  58
28    33  40  47  43  40  47  57  63  53  56  55  68  80  73 -99
29    29  45  55  44  43  50  57  61  60  60  65  76  80  66  62
30    32  50  60  44  42  50  60  73  58  51  52  67  80  71  65
31   -99 -99 -99 -99 -99  40  51  63  56  50 -99 -99 -99 -99 -99
1823
      July                August              September 
 1    55  69  88  78  73  59  68  77  67  66  59  60  69  64  55
 2    63  79  95  80  75  59  72  81  69  70  46  57  68  55  56
 3    59  59  65  59  54  60  70  78  72  68  45  60  74  68  67
 4    45  64  75  62  60  61  72  87  71  64  65  73  90  74  64
 5    53  71  93  79  75  59  67  78  68  64  50  63  76  65  61
 6    63  64  61  58  58  58  71  84  73  70  50 -99  85  78  73
 7    54  68  76  63  63  64  72  88  80  74  59  64  63  59  52
 8    59  68  87  79  73  59  75  96  88  80  49  58  64  59  52
 9    62  77  91  75  70 -99  75  80  71  64  42  53  68  68  52
10    64  74  92  76  65  54  66  84  69  64  43  51  68  61  53
11    64  74  90  76  72  60  63  65  62  62  40  51  68  62  59
12    70  81  92  80  75  58  73  88  78  75  40  62  68  62  57
13    65  78  88  74  61  57  70  80  70  65  48  63  68  60  54
14    56 -99  84  74  69  56  70  82  66  65  48  61  80  75  61
15    61  70  68  70  65  57  66  82  67  65  49  62  68  60  52
16    61  70  74  63  62  59  63  70  65  64  44  52  70  63  60
17    53  64  76  67  65  59  65  71  63  61  54  63  70  63  63
18    58  87  77  66  62  57  63  70  66  62  55  70  85  77  68
19    55  69  77  66  60  59  65  79  70  65  62  68  74  67  58
20    49  64  79  70  65  62  70  88  77  66  48  60  75  69  61
21    55  65  75  63  60  58  79  88  68  66  50  59  64  55  45
22    52  64  81  65  63  59  64  72  64  56  32  41  57  50  40
23    55  70  81  69  65  44  59  33  64  58  30  46  59  50  48
24    55  77  90  75  70  47  60  75  65  60  43  54  55  55  52
25    64  72  81  65  63  48  62  81  69  62  40  50  64  59  53
26    58  62  72  67  65  48  63  85  74  64  42  57  67  58  53
27    62  71  87  78  70  57  69  78  76  72  45  53  57  51  45
28    64  72  82  79  72  67  74  87  79  70  32  41  64  55  42
29    65  73  82  74  73  60  69  80  69  65  29  40  63  46  40
30    60  66  76  63  63  57  68  80  72  65  25  34  54  48  40
31    60  65  68  62  62  61  79  94  78  74 -99 -99 -99 -99 -99
1823
      October             November            December  
 1    33  45  67  55  50  58 -99  45  45  42 -99  25  47  35  28
 2    34  47  73  64  55  40  46  41  38  32 -99  34  39  36  31
 3    40  53  75  63  56  25  30  46  38  32 -99  28  46  41  35
 4    43  56  74  66  60  24  35  50  64  38  33  37  45  43  49
 5    43  62  74  65  64  21  29  46  32  29  35  37  36  32  28
 6    48  56  52  55  60  22  25  44  38  39  19  23  35  31  29
 7    33  45  57  51  51 -99  35  44  39  35  27  37  48 -99  40
 8    48  50  62  53  52  33  34  42  46  31 -99  26  33  25  19
 9    40 -99  63 -99  58  25  31  52  46  37  14  15  32  25  30
10    40  52  63  54  45  25  45  57  53  49 -99  19  28  27  20
11    27  39  53 -99  36  49  54  52 -99  32 -99  20  25  22  20
12    22  36  34  47  43  22  26  36  32  25 -99  23  29 -99  31
13    28  57  55  57  48  22  33  43  35  26 -99  19  35  28  25
14    28  40  46  40  34  20  35  45  43  40 -99  28  41  35  35
15    16  32  55  51  48  26 -99  51  43  35 -99  34  30  30  25
16    34  51  61  58  53  17  22  34  25  25  30  32  35  35  29
17    41  51  63 -99  47  24  33  31  30  26  18  22  29  27  22
18   -99 -99  43  41  37  15  25  32  25  23  18  20  35  32  32
19    21  35  55  50  34  20  23  37  32  28  33  37  42  42  31
20   -99  37  59  52  44  15  27  43  45  38  37  32  41  37  30
21   -99  46  61  57  51  18  35  42  45  41  34  37  33  27  23
22   -99  54  56  45  39  30  44  52  47  35  16  19  23  23  32
23   -99  35  56  52  51  20  26  36 -99  26 -99 -99  41  36  35
24    46  51  57  50  40  20  23  34  28  23 -99  37  34  29  25
25    20  46  49  43  39 -99  36  39  36  35  19  21  32  25  22
26    34  35  47  40  40 -99  38  40  38  35  18  20  24  31  38
27    36  40  44  44  44  35  36  43  40  35  18  25  39  36  36
28    37  46  51  50  45  30 -99  32  25  20 -99  40  44  35  34
29    48  42  54  47  42 -99 -99  29  25  25  23  25  40  37  29
30    38  40  44  41  39 -99 -99  33  32  30  23  24  36  37  38
31    33  38  41  41  43 -99 -99 -99 -99 -99  34  57  49  44  40
1824
      January             February            March     
 1    25  28  27  23  18 -99  20  20  14   7 -99 -99  23  20 -99
 2    16  20  25  22  24 -99   4  20  18  12 -99  15  27  34  23
 3    25  29  49  36  33 -99   7  26  23  27 -99  22  45  37  32
 4    23  25  40  37  39 -99  29  39  33  24 -99  37  49  43  30
 5    33  35  45  41  39 -99  -6   2  -2  -3 -99  40  46  40  32
 6    27  44  49  49  30 -99   6  26  22  19 -99  32  44  35  32
 7    19  22  28  25  25 -99  25  40  45  25 -99  37  44  40  39
 8    24  30  40  34  27 -99  19  36  30 -99 -99  40  45  37  30
 9    24  23  40  37  38 -99  23  40  29  23 -99  32  44  36  33
10    37  42  46  41  36 -99  33  45  42  40 -99  32  39  33  32
11    30  30  34  33  34 -99  46  52  53  56 -99  30  45  37  29
12    26  28  34  31  31 -99  34  32  25  20 -99  27  40  34  33
13    27  30  36  34  34 -99  20  26  26  23 -99  34  46  37  32
14    34  37  40  31  33 -99  36  35  31  33 -99  28  40  34  30
15    14  18  22  20  20 -99  32  35  32  33 -99  27  43  39  32
16    19  25  36  32  30 -99  35  36  35  35 -99  32  33  28  26
17   -99  27  28  33  18 -99  32  38  31  25 -99  23  32  29  27
18   -99  23  29  27  23 -99  21  42  43  38 -99  30  37 -99  25
19    12  21  27  23  21 -99 -99  26  21  21 -99  24  40  32  30
20    19  21  25  23  19 -99  29  47  40  33 -99  32  43  38  25
21   -99 -99  27  23 -99 -99  52  52  53  37 -99  20  32  25  23
22     3   8  23  18  18 -99  33  32  27  22 -99  23  34  30  30
23    16  18  28  23  17 -99 -99  26  23  25 -99  31  40  32  32
24    16  18  30  26  23 -99  23  30  21 -99 -99 -99  43  35  31
25   -99  20  37  33  33 -99  18  28  23  23 -99  37  52  43  34
26   -99 -99  33  32  25 -99  31  40  35  39 -99  37  51  39  35
27   -99  24  36  30  24 -99  46  43  34  29 -99  35  51  40  35
28    28  20  38  28  23 -99  37  32  27  25 -99  38  54  40  39
29   -99  24  39  34  35 -99  22  29  23  20 -99  39  40  39  38
30    29  31  41  33  29 -99 -99 -99 -99 -99 -99  37  57  54  41
31   -99  30  35  33  29 -99 -99 -99 -99 -99 -99  38  50  41  34
1824
      April               May                 June      
 1   -99  36  48  40  35 -99  56  58  49  46 -99  77  92  78  74
 2   -99  38  48  41  30 -99 -99  55  49  46 -99  72  64  57  54
 3   -99  40  56  50  42 -99  53  64  61  59 -99  54  52  48  48
 4   -99  42  64  54  44 -99  61  74  50  46 -99  50  63  60  62
 5   -99  46  66  52  48 -99  43  52  42  37 -99  62  75  65  62
 6   -99  47  61  53  46 -99  43  55  50  48 -99  67  72  68  63
 7   -99 -99  43  35  32 -99  45  58  53  51 -99  67  89  66  66
 8   -99  34  47  40  32 -99  57  68  68  61 -99  78  86  63  61
 9   -99  40  52  40  38 -99  55  62  46  55 -99  59  66  58  55
10   -99  40  52  45  40 -99 -99  64  69  52 -99  70  66  63  57
11   -99  46  47  44  44 -99  58  72  63  53 -99  57  72  63  57
12   -99  40  39  40  39 -99  43  62  52  50 -99  62  72  63  60
13   -99  40  54  49  45 -99  48  58  58  50 -99  64  70  61  57
14   -99  45  60  53  45 -99  43  45  42  41 -99  58  70  55  48
15   -99  45  60  43  41 -99  47  64  55  46 -99  54  68  59  53
16   -99  42  56  49  44 -99  51  63  49  45 -99  60  73  62  55
17   -99  46  50 -99  39 -99  52  63  56  48 -99  60  72  60  55
18   -99  39  51  39  34 -99  58  66  57  53 -99  63  76  65  62
19   -99  39  58  48  40 -99  51  51  48  47 -99  69  84  69  65
20   -99  45  62  54  48 -99  53  69  55  51 -99  63  67  64  60
21   -99  52  74  49  45 -99  48  62  54  42 -99  64  70  59  57
22   -99  49  54  45  44 -99  59  62  52  50 -99  59  60  55  55
23   -99  49  63  57  58 -99  57  73  58  53 -99  66  79  64  63
24   -99  55  61  55  47 -99 -99  71  65  58 -99  69  71  63  62
25   -99  55  67  54  55 -99  64  70  52  45 -99  70  81  70  64
26   -99  62  72  67  64 -99  45  62  51  47 -99  68 -99  71  68
27   -99  47  52  43  40 -99  55  68  57 -99 -99  73  92  79  71
28   -99  39  42  39  35 -99  68  88  73  66 -99  74  88  70  68
29   -99  42  58  56  48 -99  64  67  58  50 -99  70  80  70  67
30   -99  49  68  65  61 -99  55  63  52  50 -99  75  79  74  73
31   -99 -99 -99 -99 -99 -99  60  81  70  64 -99 -99 -99 -99 -99
1824
      July                August              September 
 1   -99  78  88  74  68 -99  65  78  68  64 -99  61  71  65  60
 2   -99  75  81  69  61 -99  67  84  72  66 -99  61  78  65  62
 3   -99  72  90  74  67 -99  68  75  69  66 -99  62  71  70  67
 4   -99  64  78  70  64 -99  63  70  64  52 -99  70  78  71  64
 5   -99  66  84  67  65 -99  60  68  63  56 -99  69  88  76  71
 6   -99  69  78  70  68 -99  61  78  65  61 -99  73  85  75  66
 7   -99  79  86  72  67 -99  69  72  66  62 -99  65  72  63  63
 8   -99  70  86  75  68 -99  70  83 -99  66 -99  63  68  68  64
 9   -99  77  87  75  70 -99  70  73  67  66 -99  56  65  59  52
10   -99  72  66  62  62 -99  70  81  73  65 -99  57  68  61  63
11   -99  65  82  69  63 -99  62  81  71  64 -99  58  68  61  60
12   -99  67  78  68  65 -99  62  81  70  66 -99  65  72  65  63
13   -99  72  77  67  65 -99  69  72  58  55 -99  65  82  70  67
14   -99  70  73  68  66 -99  58  70 -99 -99 -99  67  85  71  66
15   -99  76  85  71  65 -99  60  71 -99  56 -99  69  87  80  71
16   -99  65  78  69  63 -99  62  80  68  64 -99  72  86  74  72
17   -99  66  83  71  67 -99  70  87  73  68 -99  73  83  74  63
18   -99  74  88  73  71 -99  73  90  78  70 -99  56  61  55  56
19   -99  70  82  70  67 -99  76  94  77  71 -99  54  62  60  56
20   -99  69  73  67  65 -99  63  70  63  58 -99  53  67  61  53
21   -99  65  78  69  64 -99  60  71  65  64 -99  61  63  57  53
22   -99  72  87  70  66 -99  68  85  75  72 -99  50  69  62  55
23   -99  69  88  72  69 -99  68  81  70  63 -99  49  58  52  46
24   -99  72  74  55  63 -99  63  70  63  59 -99  50  63  55  45
25   -99  68  81  71  68 -99  63  73  63  61 -99  45  67  62  49
26   -99  72  90  74  72 -99  63  77  68  65 -99  47  62  55  48
27   -99  79  78  65  64 -99  66  70  67  65 -99  53  66  58  55
28   -99 -99  74  69  64 -99  71  75  68  64 -99  58  63  58  55
29   -99  70  81  70  70 -99  63  78  66  62 -99  54  56  54  52
30   -99  74  80  74  69 -99  63  75  66  64 -99  52  64  57  50
31   -99  77  92  75  68 -99  64  65  61  63 -99 -99 -99 -99 -99
1824
      October             November            December  
 1   -99  48  63  55  47 -99  34  45  39  39 -99 -99  40  34  30
 2   -99  46  66  57  50 -99  39  44  41  41 -99 -99  44  42  41
 3   -99  46  66  60  51 -99  32  34  28  27 -99 -99  47  46 -99
 4   -99  56  70  62  59 -99  23  38  34  32 -99 -99  35 -99 -99
 5   -99  58  74  64  60 -99  37  47  46  48 -99  14  26  24 -99
 6   -99  60  68  63  62 -99  45  50  43  41 -99 -99  39  36  34
 7   -99  61  60  69  48 -99  35  48  42  35 -99 -99  40  34  32
 8   -99  38  59  49  44 -99  30  42  37  30 -99 -99  36 -99  27
 9   -99  45  67  63  57 -99  30  43  41  43 -99  28  36  32  27
10   -99  56  73  63  55 -99  40  53  48  40 -99 -99  37  38  41
11   -99  59  75  65  63 -99  33  45  40  29 -99 -99  39  33  33
12   -99  66  69  56  46 -99  23  35  30  23 -99 -99  31  31  31
13   -99  39  57  51  46 -99  23  39  34  29 -99  35  43  45  39
14   -99  49  62  52  44 -99  29  45  42  40 -99  31  39  36  29
15   -99  38  54  48  43 -99  43  48  45  52 -99  26  32  26  21
16   -99  48  67  57  49 -99  59  49  48  44 -99  15  30  27  29
17   -99  52  70  62  45 -99  39  45  43  40 -99  42  34  33  34
18   -99  37  55  49  50 -99 -99  40 -99 -99 -99  44  51  50  50
19   -99  55  68  60  46 -99 -99  49 -99 -99 -99  44  47  41  33
20   -99  52  62  57  56 -99 -99  46 -99  31 -99  30  43  35  29
21   -99  60  65  60  47 -99 -99  49 -99 -99 -99  21  43  39  33
22   -99  40  53  45  40 -99 -99  57  51  49 -99  30  39  33  31
23   -99  39  49  42  35 -99  44  52  45  35 -99  28  31  28  20
24   -99  32  52  45  36 -99  35  40  40  37 -99  17  32  32  33
25   -99  30  50  44  36 -99  32  40  33  28 -99  35  46  38  29
26   -99  43  52  50  54 -99 -99  47  43  45 -99  28  38  36  33
27   -99  49  60  51  42 -99  55  55  45  39 -99  34  48  42  33
28   -99  36  53  44  40 -99 -99  40  37  33 -99  30  32  32  30
29   -99  39  46  40  35 -99  33  35  36  33 -99  25  42  38  32
30   -99  40  45  36  27 -99 -99  35  34  33 -99  27  42  41  32
31   -99  25  42  30  37 -99 -99 -99 -99 -99 -99  27  45  39  38
1825
      January             February            March     
 1   -99  36  49  43  37 -99  26  32  33  31 -99 -99  45  46  32
 2   -99  27  27  17  13 -99  30  36  27  23 -99  28  45  34  32
 3   -99  13  25  19  14 -99  13  25  17  11 -99  30  46  37  36
 4   -99  13  31  27  18 -99   9  23  21  15 -99  44  46  38  36
 5   -99  16  39  33  29 -99  12  32  28  23 -99  34  39  36  36
 6   -99  26  37  30  19 -99  20  43  36  32 -99  35  48  38  37
 7   -99  12  19  18  12 -99  31  48  41  39 -99  41  48  37  32
 8   -99  20  26  27  27 -99  18  27  20  15 -99  31  41  36  39
 9   -99  34  41  31  17 -99  12  31  26  22 -99  35  42  39  37
10   -99  11  27  23  21 -99  19  42  37  29 -99  35  42  37  32
11   -99  20  39  32  29 -99  23  42  34  33 -99  31  45  39  37
12   -99  26  43  36  30 -99  31  40  36  34 -99  46  56  45  38
13   -99  28  37  34  30 -99  29  40  38  36 -99  41  45  46  36
14   -99  40  37  37  38 -99  32  41  33  29 -99  34  54  46  39
15   -99  36  43  41  36 -99  26  33  31  30 -99  39  49  42  36
16   -99  34  40  35  34 -99  28  41  35  31 -99  35  44  39  38
17   -99 -99  38 -99 -99 -99  29  42  37  36 -99  44  54  45  43
18   -99  34  37  31  27 -99  34  45  36  35 -99  47  51  42  38
19   -99 -99  41  34  27 -99  30  32  29  27 -99  38  50  44  38
20   -99  21  37  29  23 -99  25  35  29  28 -99  45  65  64  50
21   -99  22  41  34  23 -99  27  29  29  29 -99  38  50  40  32
22   -99  17  24  21  23 -99  27  43  37  33 -99  39  49  40  28
23   -99  15  19  18  17 -99  30  40  30  27 -99  28  50  46  41
24   -99  15  31  27  26 -99  25  47  34  34 -99  38  54  50  35
25   -99  25  34  25  29 -99  33  39  38  35 -99  31  45  40  35
26   -99  27  41  38  32 -99  33  34  31  32 -99  34  35  35  34
27   -99  32  42  36  32 -99  29  29  30  31 -99  34  48  42  37
28   -99  30  40  36  35 -99  38  25  32  32 -99  36  39  34  30
29   -99  33  46  24  14 -99 -99 -99 -99 -99 -99  31  44  43  31
30   -99  12  25  21  19 -99 -99 -99 -99 -99 -99  36  45  46  38
31   -99  25  34  32 -99 -99 -99 -99 -99 -99 -99  38  48  40  40
1825
      April               May                 June      
 1   -99  38  49  40  36 -99  48  65  57  51 -99  69  82  69  64
 2   -99  37  45  36  32 -99  39  50  48  38 -99  65  70  64  63
 3   -99  36  34  36  37 -99  42  59  47  44 -99  67  73  62  61
 4   -99  45  58  55  45 -99  43  54  46  45 -99  54  61  53  52
 5   -99  45  52  44  40 -99  45  47  44  41 -99  55  65  56  56
 6   -99  48  58  52  52 -99  46  59  56  53 -99  58  76  65  60
 7   -99  45  55  48  39 -99  56  63  62  54 -99  70  90  80  76
 8   -99  40  51  44  34 -99  49  59  52  44 -99  75  91  83  76
 9   -99  45  65  58  45 -99  47  59  53  49 -99  73  91  79  73
10   -99  51  66  51  53 -99  51  67  60  54 -99  79  96  89  80
11   -99  51  59  47  40 -99  49  59  53  46 -99  81  96  76  77
12   -99  40  53  41  36 -99  53  73  61  54 -99  77  77  57  56
13   -99  43  46  41  41 -99  56  65  54  46 -99 -99  79  76  67
14   -99  44  46  41 -99 -99  53  68  48  45 -99  65  76  72  63
15   -99  45  66  61  50 -99  49  61  52  50 -99  68  76  71  68
16   -99  58  77  66  57 -99  54  67  54  49 -99  68  76  73  68
17   -99  57  69  63  55 -99  57  65  58  54 -99  63  76  67  63
18   -99  58  75  63  49 -99  61  79  68  60 -99  67  73  63  62
19   -99  49  58  44  43 -99  65  72  65  59 -99  74  91  80 -99
20   -99  45  55  45  36 -99  59  70  60  54 -99  71  82  70  68
21   -99  30  46  42  34 -99  61  73  68  62 -99  73  87  76  73
22   -99  44  60  54  49 -99  60  73  68  61 -99  66  81  71  65
23   -99  49  58  49  43 -99  64  79  70  63 -99  66  81  73  68
24   -99  47  59  46  43 -99  67  80  63  62 -99  76  80  71  66
25   -99  46  61  48  46 -99  66  73  60  57 -99  66  68  59  59
26   -99  54  66  56  51 -99  62  69  61  55 -99  62  76  70  66
27   -99  59  70  58  50 -99  56  70  63  58 -99  66  81  70  64
28   -99  53  61  54  47 -99  56  70  58  52 -99  66  66  60  55
29   -99  48  51  48  46 -99  59  74  69  61 -99  66  82  73  64
30   -99  55  67  57  48 -99  65  75  65  62 -99  66  84  70  64
31   -99 -99 -99 -99 -99 -99  67  84  68  64 -99 -99 -99 -99 -99
1825
      July                August              September 
 1   -99  69  82  71  67 -99  75  81  70  69 -99  60  70  60  54
 2   -99  72  80  71  69 -99  69  60  60  60 -99  57  67  54  54
 3   -99  75  86  76  72 -99  64  77  67  64 -99  58  60  62  58
 4   -99  70  71  66  63 -99  69  87  75  69 -99  58  66  59  52
 5   -99  66  79  69  68 -99  72  83  74  69 -99  54  72  62  50
 6   -99  71  85  73  68 -99  73  89  75  69 -99  54  69  60  55
 7   -99  74  90  85  68 -99  70  87  72  70 -99  54  68 -99  56
 8   -99  67  77  68  62 -99  74  86  77  73 -99  61  66  66  62
 9   -99  70  88  79  72 -99  76  87  76  72 -99  59  71  62  56
10   -99  70  95  88  84 -99  71  84  74  67 -99  65  69  54  48
11   -99  86  92  86  84 -99  66  77  69  62 -99  49  62  58  51
12   -99  85 100  84  77 -99  64  72  66  60 -99  59  70  60  58
13   -99  84  85  82  78 -99  69  86  78  72 -99 -99  82  70  66
14   -99  75  87  74  72 -99  77  88  75  68 -99  64  78  70  64
15   -99  76  88  75  68 -99  73  81  75  72 -99  62  79  66  58
16   -99  75  85  72  69 -99  75  81  71  64 -99  58  75  74  60
17   -99  75  87  81  76 -99  64  76  67  64 -99  62  68  58  57
18   -99  76  88  79  70 -99  62  69  60  58 -99  61  76  68  59
19   -99  74  88  77  75 -99  60  69  63  61 -99  58  75  67  64
20   -99  78  99  87  81 -99  60  60  57  60 -99  56  58  52  50
21   -99  88 100  88  80 -99  59  60  57  55 -99  51  67  59  57
22   -99  81  88  76  73 -99  58  70  60  58 -99  51  67  60  56
23   -99  75  83  74  74 -99  67  80  69  63 -99  60  64  60  60
24   -99  79  91  79  76 -99  68  80  70  68 -99  68  67  57  49
25   -99  80  89  75  71 -99  76  87  72  66 -99  47  65  60  48
26   -99  71  89  73  66 -99  68  74  65  59 -99  48  62  57  64
27   -99  68  85  74  68 -99  60  75  70  60 -99  52  53  52  51
28   -99  70  85  73  68 -99  64  79  69  65 -99  49  61  56  49
29   -99  68  90  76  70 -99  71  80  72  62 -99  47  69  60  53
30   -99  71  86  72  68 -99  66  84  75  67 -99  53  70  63  54
31   -99  77  92  72  69 -99  68  79  73  69 -99 -99 -99 -99 -99
1825
      October             November            December  
 1   -99  56  76  64  50 -99  44  55  49  46 -99  43  45  44  44
 2   -99  59  76  61  61 -99  44  53  48  42 -99  44  50  48  46
 3   -99  61  82  70  64 -99 -99  48  41  34 -99  43  47  41  46
 4   -99  63  70  62  62 -99 -99  50  43  38 -99  40  43  40  40
 5   -99  62  74  66  62 -99  41  58  53  43 -99  32  38  33  28
 6   -99  61  78  68  64 -99  47  60  53  42 -99  22  36  32  32
 7   -99  64  78  77  70 -99  37  59  51  41 -99  29  43  35  25
 8   -99  58  56  52  47 -99  39  60  52  45 -99  22  36  34  32
 9   -99  39  60  52  49 -99  42  58  44  43 -99  48  53  47  34
10   -99  55  66  63  65 -99  35  47  41  35 -99  23  31  25  21
11   -99  68  73  64  52 -99  35  50  45  37 -99  26  36  32  19
12   -99  47  47  48  44 -99  35  45  38  30 -99  16  27  18  10
13   -99  44  63  65  51 -99  38  46  42  42 -99  -3   2  -2  -3
14   -99  52  53  50  51 -99  52  55  47  38 -99  11  24  22  22
15   -99  52  64  52  52 -99  34  49  42  37 -99  28  49  41  35
16   -99  50  66  57  46 -99  40  46  42  37 -99  37  48  42  40
17   -99  42  48  42  36 -99  39  46  43  38 -99  45  52  52  48
18   -99  36  48  40  36 -99  31  35  28  22 -99  45  44  43  41
19   -99  32  46  41  41 -99  17  31  27  23 -99  33  42  37  35
20   -99  42  58  48  44 -99  36  44 -99  33 -99  36  40  32  24
21   -99  42  47  37  32 -99  32  43  36  29 -99  20  30  24  24
22   -99  31  45  39  36 -99  29  33  27  25 -99  10  20  15   8
23   -99  41  58  52  48 -99  27  38  37  32 -99   7  21  18  12
24   -99  48  56  45  35 -99  35  41  36  27 -99  16  22  26  28
25   -99  36  47  41  35 -99  35  38  38  34 -99  36  44  45  45
26   -99  45  51  51  56 -99  33  41  38  32 -99  33  31  26  21
27   -99  60  68  63  64 -99  32  39  36  35 -99  16  32  32  35
28   -99  47  50  45  39 -99  31  44  39  32 -99  27  42  35  28
29   -99  36  51  45  41 -99  32  47  41  34 -99  32  34  32  28
30   -99  38  50  44  41 -99  32  44  43  42 -99  34  36  35  38
31   -99  43  58  58  48 -99 -99 -99 -99 -99 -99  38  42  39  38
1826
      January             February            March     
 1   -99  35  37  39  41 -99   5   8   4   8 -99  30  34  33 -99
 2   -99  26  32  28  24 -99  13  23  20  23 -99  35  37  37  35
 3   -99  28  34  32  27 -99  29  32  23  18 -99  38  35  33  33
 4   -99  34  34 -99  19 -99  12  30  23  21 -99  37  35 -99  34
 5   -99  14  19  14  10 -99  27  36  32  20 -99  37  42 -99 -99
 6   -99  12  25  22  23 -99  21  40  32  25 -99  42  43  39  35
 7   -99  21  34  34  37 -99  30  41  35  34 -99  32  33 -99  32
 8   -99  39  46  40  36 -99  34  44  35  28 -99  34  39  36  36
 9   -99  35  38  37  35 -99  19  32  25  25 -99  35  45  39  36
10   -99  43  56  51  46 -99  27  44  40  37 -99  34  45  41  35
11   -99  38  43  41  38 -99  38  43  41  37 -99  39  43  36  30
12   -99  37  41  36  30 -99  38  40  38  35 -99  29  40  33  32
13   -99  25  34  31  26 -99  27  34  27  25 -99  36  47  38  34
14   -99  27  34  35  33 -99  25  34  25  16 -99  23  40  36  31
15   -99  38  43  39  36 -99  14  26  21  16 -99  32  44  36  37
16   -99  29  31  28  24 -99  16  32  29  32 -99  37  52  41  28
17   -99  20  35  30  24 -99  28  34  26  20 -99  18  33  26  21
18   -99  20  34  34  24 -99  17  37  29  28 -99  22  36  28  26
19   -99  21  34  29  22 -99  25  37  32  23 -99  33  40 -99  33
20   -99  18  30  24  27 -99  29  39  36  34 -99  34  38  37  39
21   -99  21  30  28  21 -99  31  36  35  32 -99  36  48  38  32
22   -99  16  29  25  21 -99  27  30  25  22 -99  34  50  44  35
23   -99  21  35  33  34 -99  19  35  34  34 -99  40  49  40  39
24   -99  31  36  34  32 -99  34  50  41  32 -99  44  59  45  45
25   -99  18  21  17   9 -99  33  52  47  48 -99  46  53 -99  34
26   -99   4  21  16   9 -99  45  54  45  41 -99  28  37  27  24
27   -99   6  26  25  34 -99  35  38  32  32 -99  23  37  30  28
28   -99  29  44  37  30 -99  32  35  32  30 -99  29  44  37  30
29   -99  29  40  28  18 -99 -99 -99 -99 -99 -99  35  50  40  35
30   -99  15  21  17  14 -99 -99 -99 -99 -99 -99  32  39  32  29
31   -99  -1   1  -8  -9 -99 -99 -99 -99 -99 -99  26  38  34  31
1826
      April               May                 June      
 1   -99  35  54  47  40 -99  49  58  50  48 -99  71  86  69  66
 2   -99  38  53  44  39 -99  50  76  53  49 -99  63  80  70  66
 3   -99  36  48  36  34 -99  48  61  65  60 -99  75  86  73 -99
 4   -99  35  51  41  38 -99  66  76  66  50 -99  50  68  52  52
 5   -99  46  61  51  41 -99  58  66  51  40 -99  50  51  52  48
 6   -99  39  45  38  32 -99  57  73  66  53 -99  56  73  60  56
 7   -99  35  38  36  32 -99  56  70  59  55 -99  63  82  71  68
 8   -99  35  48  39  36 -99  55  61  54  51 -99  73  89  77  72
 9   -99  40  52  47  46 -99  54  63  53  50 -99  77  85  70  68
10   -99  35  34  28  28 -99  54  64 -99  48 -99  75  85  74  67
11   -99  25  34  24  20 -99  56  71  57  52 -99  71  92  83  73
12   -99  24  37  33  26 -99  55  73  59  56 -99  61  76  71  62
13   -99  27  42  37  34 -99  65  88  78  71 -99  65  77  67  60
14   -99  41  54  48  44 -99  70  82  67  63 -99  64  87  75  70
15   -99  47  62  49 -99 -99  75  98  85  78 -99  60  75  59  55
16   -99  46  47  44  41 -99  79  97  77  76 -99  65  71  62  55
17   -99  50  58  52  45 -99  77  96  78  70 -99  62  76 -99  58
18   -99  48  58  52  50 -99  62  76  62  53 -99  67  82  69  62
19   -99  50  55  55  46 -99  56  66  56  53 -99  68  80  61  60
20   -99  51  58  48  45 -99  57  72  59  57 -99  58  59  56  56
21   -99  44  49  41  36 -99  66  81  65  63 -99  55  57  52  52
22   -99  39  48  35  32 -99  63  75  63  59 -99  54  61  55  55
23   -99  39  49 -99  42 -99  69  86  73  67 -99  60  63  58  55
24   -99  44  55  46  40 -99  69  76  67  61 -99  60  64  69  59
25   -99  46  54  44  42 -99  64  67  56  52 -99  71  81  70  67
26   -99  45  57  44  42 -99  60  78  62  60 -99  65  75  66  68
27   -99  45  55  49  48 -99  67  78  60  60 -99  76  88  72  67
28   -99  46  50  43  41 -99  63  84  60  55 -99  70  86  75  69
29   -99  43  55  53  55 -99  54  60  45  43 -99  70  89  71  70
30   -99  50  59  53  55 -99  55  61  54  55 -99  73  87  74  71
31   -99 -99 -99 -99 -99 -99  60  81  73  64 -99 -99 -99 -99 -99
1826
      July                August              September 
 1   -99  75  89  81  72 -99  74  84  71  70 -99  60  69  65  60
 2   -99  76  88  67  65 -99  72  90  76  68 -99  64  76  69  65
 3   -99  72  89  77  71 -99  63  75  67  62 -99  66  84  75  71
 4   -99  76  89  70  67 -99  65  77  69  64 -99  73  84  76  72
 5   -99  74  81  79  65 -99  65  78  67  64 -99  74  87  75  72
 6   -99  74  84  75  70 -99  66  77  71  69 -99  68  78  66  62
 7   -99  75  90  82  76 -99  71  84  73  73 -99  61  69  63  60
 8   -99  83  91  73  69 -99  70  81  70  65 -99  60  69  61  60
 9   -99  73  86  77  65 -99  70  80  69  65 -99  62  83  74  68
10   -99  75  90  80  76 -99  67  77  67  67 -99  67  78  66 -99
11   -99  80  96  81  77 -99  60  68  66  66 -99  64  76  68  60
12   -99  82  95  82  82 -99  68  73  68  67 -99  68  80  69  64
13   -99  83  96  80  76 -99  68  64  65  66 -99  65  74  66 -99
14   -99  77  64  65  62 -99  65  72  67  67 -99  70  83  72  67
15   -99  71  72  65  61 -99  69  78  69  67 -99  65  71  63  56
16   -99  68  81  71 -99 -99  71  80  61  68 -99  51  62  56  48
17   -99  73  88  77  69 -99  72  80 -99  67 -99  48  65  59  54
18   -99  78  85  69  68 -99  67  68  67  63 -99  61  66  62  62
19   -99  67  85  70  67 -99  66  76  70  67 -99  64  69  63  57
20   -99  74  85  71  65 -99  73  87  75  73 -99  57  70  61  56
21   -99  70  81  70  69 -99  75  75  74  73 -99  57  69  67  58
22   -99  74  91  80  76 -99  73  88  75  71 -99  62  76  66  65
23   -99  78  89  77  71 -99  67  70  66  65 -99  65  69  56  51
24   -99  73  85  71  68 -99  69  71  67  67 -99  49  52  51  51
25   -99  67  80  69  64 -99  67  69  65  65 -99  47  57  51  50
26   -99  66  81  64  62 -99  63  80  70  67 -99  51  65  57  51
27   -99  64  75  66  61 -99  67  72  67  66 -99  61  78  76  69
28   -99  63  76  66  62 -99  71  79  70  70 -99  67  80  71  69
29   -99  65  89  68  64 -99  70  82  74  67 -99 -99  67  61  52
30   -99  68  82  69  67 -99  66  84  76  70 -99  52  60  60  54
31   -99  71  84  72  65 -99  66  79  70  59 -99 -99 -99 -99 -99
1826
      October             November            December  
 1   -99  56  70  63  52 -99  49  58  56  50 -99  34  59  44  35
 2   -99  40  69  61  56 -99  50  53  52  47 -99  26  36  29  21
 3   -99  59  60 -99  48 -99  46  54  45  35 -99  18  26  24  21
 4   -99  45  66  65  53 -99  39  39  34  34 -99  19  33  28  22
 5   -99  51  64 -99  54 -99  29  42  35  28 -99  23  41  35  26
 6   -99  59  77  69  63 -99  26  47  43  43 -99  24  46  37  35
 7   -99  63  73  64  62 -99  47  67  58  50 -99  37  53  49  40
 8   -99  49  57 -99  44 -99  39  45  40  32 -99  38  47  45  48
 9   -99  40  61  54  47 -99  33  50  44  44 -99  47  59  54  49
10   -99  48  60  52  43 -99  48  55  47  39 -99  47  52  43  36
11   -99  46  60  52  51 -99  33  50  44  36 -99  31  49  35  34
12   -99  53  59 -99  55 -99  35  54 -99  49 -99  32  42  38  38
13   -99  52  57  56  57 -99  28  38 -99  27 -99  32  44  40  32
14   -99  53  56  53  48 -99  28  35  43  44 -99  21  30  26  22
15   -99  47  60  52  50 -99  47  55  40  40 -99  25  38  38  37
16   -99  52  63  57  53 -99  39  57  49  45 -99  36  54  47  41
17   -99  50  66  58  48 -99  50  57  57  59 -99  44  57  50  40
18   -99  42  62  57  52 -99  50  51  45  33 -99  36  41  39  34
19   -99  58  50  54  45 -99  29  37  33  25 -99  28  33  25  19
20   -99  45  55  53  52 -99  22  41  37  34 -99  16  27  22  36
21   -99  50  52  52  53 -99  37  38  31  29 -99  29  31  35  40
22   -99  57  52  49  46 -99  24  33  29  26 -99  32  40  35  32
23   -99  39  48 -99  33 -99 -99  32 -99  26 -99  27  32  27  22
24   -99  40  48  41  36 -99  18  32  27  23 -99  11  19  15  13
25   -99  29  44  42  41 -99  25  41  35  33 -99 -99  13  11   8
26   -99  46  55  43  40 -99  37  48  47  50 -99  28  37  47  44
27   -99  31  42 -99  30 -99  35  45  39  33 -99 -99  38 -99  23
28   -99  33  50  48  52 -99  38  42  38  34 -99   4  11   9   0
29   -99  47  65 -99  53 -99  29  43  38  35 -99   4  19  15  12
30   -99  51  55  40  40 -99  32  49  44  38 -99  15  26  29  31
31   -99  34  50  42  41 -99 -99 -99 -99 -99 -99  23  28  31  26
1827
      January             February            March     
 1   -99  28  32  28  24 -99   8  23  17   8 -99  34  39  33  32
 2   -99  18  25  20  15 -99   8  28  26  29 -99  30  41  32  25
 3   -99  19  35  28  20 -99  37  47  40  33 -99  27  30  22  15
 4   -99  18  34  30  14 -99  19  22  14  10 -99  12  32  27  22
 5   -99   7  21  17  13 -99  15  20  20  18 -99  21  39  32  28
 6   -99  13  39  22  22 -99  14  27  28  16 -99  29  40  34  34
 7   -99 -99  33  32  32 -99  13  34  27  24 -99  33  34  39  36
 8   -99  28  39  33  32 -99  31  42  38  30 -99  29  35  34  29
 9   -99  33  37  35  35 -99  39  25  19  20 -99  30  42  37  32
10   -99  34  30  29  29 -99  25  35  25  20 -99  33  45  38  33
11   -99  19  39  34  24 -99  25  21  11   6 -99  30  44  35  32
12   -99  26  34  33  32 -99  -4  17  10  12 -99  33  48  40  44
13   -99  25  29  26  23 -99  25  43  38  35 -99  43  44  34  30
14   -99  22  29  23  17 -99  23  33  26  15 -99  28  40  33  30
15   -99  14  25  23  15 -99  14  43  31  33 -99  30  41  31  33
16   -99  19  33  35  10 -99  36  47  40  35 -99  32  42  38  31
17   -99   4  18  10   2 -99  28  35  28  22 -99  33  46  36  32
18   -99  -2  10   5   1 -99  36  46  39  38 -99  36  42  39  47
19   -99   1  12   4   3 -99  26  31  25  17 -99  48  56  41  37
20   -99  -3   6   4  -3 -99  14  33  25  25 -99  33  42  31  26
21   -99  -7  12   9   2 -99  35  45  36  36 -99  26  35  30  22
22   -99 -99  21  17  12 -99  40  45  34  29 -99  35  54  45  43
23   -99  16  23  24  21 -99  27  43  34  32 -99  39  51  41  32
24   -99  16  24  18  15 -99  31  42  35  34 -99  26  38  33  26
25   -99   8  24  21  10 -99  34  39  35  33 -99  33  45  39  36
26   -99  24  36  34  31 -99  39  47  38  33 -99  46  66  58  52
27   -99  24  39  34  31 -99  32  39  35  35 -99  51  68  56  50
28   -99  37  40  37  33 -99  38  46  42  40 -99  54  64  56  41
29   -99  26  38  34  27 -99 -99 -99 -99 -99 -99  30  42  37  33
30   -99  27  33  32  21 -99 -99 -99 -99 -99 -99  32  42  34 -99
31   -99  27  33  18  15 -99 -99 -99 -99 -99 -99  36  36  31  29
1827
      April               May                 June      
 1   -99  33  46  42  38 -99  37  40  37  37 -99  59  61  52  48
 2   -99  39  63  56  37 -99  38  45  42  41 -99  53  60  53  59
 3   -99  54  70  62  56 -99  42  53  45  48 -99  60  76  64  59
 4   -99  57  69  58  56 -99  51  69  58  49 -99  43  73  59  55
 5   -99  52  55  46  45 -99  54  72  57  51 -99  66  86  76  66
 6   -99  59  71  55  54 -99  56  70  59  56 -99  69  85  70  64
 7   -99  46  56  48  44 -99  56  59  47  43 -99  68  78  69  66
 8   -99  47  60  45  41 -99  47  58  49  46 -99  72  82  72  67
 9   -99  41  57  55  41 -99  52  65  56  51 -99  71  87  70  67
10   -99  56  68  60  52 -99  55  66  49  46 -99  74  78  54  55
11   -99  58  79  69  50 -99  45  49  45  44 -99  60  74  63  59
12   -99  55  56  45  53 -99  44  52  48  46 -99  65  77  63  60
13   -99  53  65  60  55 -99  45  52  45  41 -99  61  72  60  56
14   -99  58  70  61  51 -99  50  57  47  43 -99  63  75  66  64
15   -99  52  50  46  42 -99  50  66  53  50 -99  63  66  65  54
16   -99  40  44  42  36 -99  62  72  53  52 -99  61  66  61  59
17   -99  38  62  45  38 -99  62  83  69  61 -99  65  72  62  56
18   -99  36  47  42  36 -99  64  75  54  50 -99  54  71  64  55
19   -99  41  54  45  39 -99  52  57  50  49 -99  64  78  63  58
20   -99  41  56  46  44 -99  56  70  56  52 -99  62  77  66  64
21   -99  50  60  46  46 -99  54  66  57  53 -99  66  70  66  65
22   -99  50  62  55  47 -99  63  67  56  54 -99  68  66  63  61
23   -99  50  60  46  44 -99  54  65  52  52 -99  51  68  62  56
24   -99  44  48  45  46 -99  68  55  55  54 -99  62  77  63  58
25   -99  49  50  47  44 -99  63  69  63  62 -99  64  72 -99  58
26   -99  48  49  45  43 -99  66  84  74  68 -99  64  80  64  60
27   -99  45  55  58  47 -99  71  91  76  71 -99  66  73  73  63
28   -99  50  48  42  41 -99  71  82  72  67 -99  69  81  72  68
29   -99  44  44  35  38 -99  61  70  58  56 -99  69  80  68  66
30   -99  45  48  44  39 -99  60  68  62  66 -99  70  82  70  67
31   -99 -99 -99 -99 -99 -99  59  73  58  55 -99 -99 -99 -99 -99
1827
      July                August              September 
 1   -99  70  91  77  76 -99  72  89  77  78 -99  63  75  60  61
 2   -99  83  90  70  68 -99  74  89  78  73 -99  64  78  71  68
 3   -99  69  70  62  65 -99  74  84  85  72 -99  69  86  77  70
 4   -99  72  89  75  71 -99  80  92  83  75 -99  64  73  65  58
 5   -99  72  84  66  63 -99  79  86  75  73 -99  63  70  62  56
 6   -99  66  79  68  66 -99  82  96  85  77 -99  58  70  63  60
 7   -99  70  83  79  63 -99  70  80  73  67 -99  56  62  58  52
 8   -99  69  80  69  66 -99  70  78  69  66 -99  56  64  56  50
 9   -99  63  82  79  66 -99 -99  81  70  67 -99  52  71 -99  55
10   -99  71  81  71  68 -99  70  80  74  71 -99  59  78  66  60
11   -99  75  86  74  72 -99  74  87  74  70 -99  68  82  72  63
12   -99  73  78  73  70 -99  68  66  65  62 -99  62  66  60  53
13   -99  78  87  78  72 -99  65  70  64  58 -99  57  76  67  64
14   -99  72  85  72  72 -99  50  64  58  56 -99  64  71  68  66
15   -99  80  80  78  73 -99  60  71  62  59 -99  68  83  70  63
16   -99  70  77  68  63 -99  60  62  56  55 -99  58  68  60  54
17   -99  73  83  71  66 -99  62  71  62  56 -99  53  71  64  54
18   -99  67  81  65  65 -99  61  75  63  55 -99  52  68  62  58
19   -99  68  77  68  64 -99  63  76  69  64 -99  58  58  56  55
20   -99  71  86  75  71 -99  65  82  74  65 -99  58  56  55  58
21   -99  70  75  65 -99 -99  76  82  70  62 -99  61  64  61  60
22   -99  63  76  66  62 -99  62  76 -99  61 -99  64  68  64  63
23   -99  64  70  63  62 -99  60  74  63  58 -99  63  68  63  60
24   -99  65  72  62  56 -99  68  70  62  60 -99  58  68  62  56
25   -99  62  75  63  61 -99  63  77  76  61 -99  60  75  64  60
26   -99  51  63  63  60 -99  62  75  62  60 -99  59  73  62  52
27   -99  64  78  71  65 -99  59  57  57  57 -99  53  69 -99  56
28   -99  68  85  77  70 -99  56  68  61  54 -99  55  64  60  51
29   -99  72  80  76  70 -99  64  72  62  57 -99  53  54  53  50
30   -99  68  81  73  67 -99  62  75  65  61 -99  51  65  56  48
31   -99  68  80  70  67 -99  66 -99  71  64 -99 -99 -99 -99 -99
1827
      October             November            December  
 1   -99  54  68  59  53 -99  33  44  36  31 -99  34  43  35  32
 2   -99  58  61  58  57 -99  30  48  45  40 -99  38  45 -99 -99
 3   -99 -99  64 -99  58 -99  46  58  52  48 -99  28  36  34  34
 4   -99  57  69  65  57 -99  48  52  50  44 -99  36  45  42  44
 5   -99  55  71  65  60 -99  44  47  35  27 -99  35  35  33  32
 6   -99  59  61 -99  47 -99  27 -99  35  35 -99  33  36  36  38
 7   -99  44  56  50  43 -99  35  34  34  26 -99  48  48  44  34
 8   -99  45  65  56  55 -99  30  35  34  37 -99  31  36  35  30
 9   -99  60  64  62  62 -99  30  34  26  23 -99  38  35  35  34
10   -99  64  70  57  50 -99  25  30  26  20 -99  36  40  29  28
11   -99  47  62  53  48 -99  19  36  32  30 -99  34  38  34  28
12   -99  49  58  53  48 -99  35  45  47  47 -99  34  38  20  22
13   -99  56  66  56  52 -99  46  51  48  40 -99  22  36  31  33
14   -99  50  58  51  52 -99  30  26 -99  26 -99  39  44  42  43
15   -99  58  61  56  56 -99  28  34  28  26 -99  46  51  50  46
16   -99  45  48  41  36 -99  25  35  31  25 -99  24  33  28  29
17   -99  33  45  46  46 -99  32  43  40  33 -99  27  35  32  29
18   -99  49  62  55  56 -99  33  38  33  29 -99  32  28  22  21
19   -99  54  61  54  52 -99  27  37  28  28 -99  30  28  28  21
20   -99  55  72  62  57 -99  26  34  31  26 -99  20  28  23  23
21   -99  50  51  49  48 -99  20  32  28  24 -99  27  35  26  18
22   -99  49  52  52  52 -99  24  35  28  27 -99  13  21  16   9
23   -99  60  60  58  54 -99  27  37  33  30 -99   4  20  18   9
24   -99  50  58  51  48 -99  32  36  32  22 -99   9  32  31  30
25   -99  40  50  43  40 -99  28  35  25  20 -99  31  40  35  34
26   -99  38  47  40  32 -99  25  32  28  22 -99  18  20  14   9
27   -99  32  44  39  33 -99  24  36  29  25 -99   1  20  23  30
28   -99  34  50  45  40 -99  24  41  35  27 -99  38  39  32  29
29   -99  50  58  54  53 -99  35  42  40  42 -99  24  32  27  20
30   -99  50  60  62  62 -99  35  53 -99 -99 -99  17  32  31  29
31   -99  35  44  35  34 -99 -99 -99 -99 -99 -99  28  40  32  29
1828
      January             February            March     
 1   -99  28  33  26  25 -99  30  37  33  33 -99  17  30  27  24
 2   -99  27  39  37  39 -99  37  41  35  34 -99  31  37  33  37
 3   -99  43  49  44  37 -99  37  43  33  34 -99  38  51  41  33
 4   -99  30  41  34  36 -99  36  50  42  38 -99  26  30  25  20
 5   -99  39  51  46  44 -99  32  44  38  34 -99  16  34  28  24
 6   -99  39  42  39  40 -99  36  46  42  39 -99  32  37  34  35
 7   -99  40  43  33  44 -99  48  55  54  48 -99  37  45  32  28
 8   -99  29  26  24  20 -99  35  44  36  34 -99  35  39  28  32
 9   -99  18  34  28  28 -99  36  43  41  43 -99  34  44  38  36
10   -99  23  29  28  23 -99  44  54  43  43 -99  40  50  39  34
11   -99  39  40  37  36 -99  30  33  30  27 -99  36  41  34  36
12   -99  38  46  43  41 -99  16  22  19  15 -99  36  46  43  36
13   -99  42  51  47  42 -99  17  39  35  24 -99  38  59  43  35
14   -99  29  40  36  36 -99  31  32  27  28 -99  34  42  35  35
15   -99  34  40  34  25 -99  25  33  33  31 -99  34  32  31  29
16   -99  18  24  19  22 -99  32  43  36  33 -99  35  35  31  24
17   -99  25  40  33  25 -99  31  52  46  38 -99  37  42  35  28
18   -99  25  39  33  24 -99  34  46  41  44 -99  29  41  38  28
19   -99  25  38  33  32 -99  49  60  50  41 -99  32  48  38  34
20   -99  30  33  26  20 -99  40  52  42  41 -99  34  49  39  32
21   -99  18  23  17   5 -99  46  52  49  48 -99  38  52  35  28
22   -99   3  26  13   8 -99  33  37  31  27 -99  23  38  33  28
23   -99   9  22  15  10 -99  25  40  34  32 -99  24  44  37  36
24   -99   5  22  16  10 -99  38  36  33  30 -99  38  47  45  40
25   -99  14  36  36  40 -99  29  37  31  28 -99  49  56  45  35
26   -99  40  52  44  37 -99  22  37  31  32 -99  40  46  40  35
27   -99  34  34  30  34 -99  36  42  45  49 -99  40  50  43  42
28   -99  34  34  30  23 -99  35  35  31  36 -99  45  72  57  46
29   -99  25  37  23  22 -99  33  39  34  28 -99  45  51  42  40
30   -99  16  39  24  27 -99 -99 -99 -99 -99 -99  46  65  56  52
31   -99  30  46  37  33 -99 -99 -99 -99 -99 -99  48  48  41  39
1828
      April               May                 June      
 1   -99  37  48  40  35 -99  54  64  51  46 -99  54  66  58  53
 2   -99  45  52  46  39 -99  54  68  56  54 -99  60  62  56  50
 3   -99  43  56  44  39 -99  55  65  58  56 -99  60  60  56  55
 4   -99  40  36  39  34 -99  65  71  65  51 -99  61  75  59  56
 5   -99  46  46  38  35 -99  54  62  52  49 -99  60  65  58  58
 6   -99  30  52  41  38 -99  44  62 -99  52 -99  63  71  62  58
 7   -99  35  53  38  33 -99  64  70  59  54 -99  66  80  66  63
 8   -99  37  49  42  34 -99  54  60 -99  51 -99 -99  83  71  66
 9   -99  40  54  47  42 -99  57  76  63  55 -99  64  68  65  57
10   -99  47  60  53  49 -99  54  62  51  48 -99  65  74  60 -99
11   -99  46  56  41  40 -99  53  60  48  46 -99  60  71 -99  58
12   -99  42  42  41  37 -99  57  66  56  53 -99  65  82  60  67
13   -99  44  47  38  36 -99  60  68  53  48 -99  78  76  68  66
14   -99  38  44  37  37 -99  48  48  48  48 -99  72  87  71  66
15   -99  38  45  35  46 -99  51  51  48  47 -99  66  76  67  65
16   -99  49  57  45  40 -99  54  55  51  51 -99  72  83  71  69
17   -99  44  50  46  42 -99  57  69  58  54 -99  73  87  73  71
18   -99  44  54  44  37 -99  51  51  51  48 -99  77  91  71  69
19   -99  44  54  42  40 -99  52  54  47  46 -99  71  85  70  62
20   -99  41  45  37  36 -99  50  45  47  45 -99  66  80  68  64
21   -99  30  39  38  38 -99  48  51  46  46 -99  70  81  70  65
22   -99  42  48  43  42 -99  49  53  52  52 -99  68  76  67  63
23   -99  43  56  40  46 -99  58  73  64  56 -99  71  86  73  69
24   -99  46  56  46  44 -99  62  76  60  56 -99  78  71  77  74
25   -99  45  54  43  40 -99  55  66  58  58 -99  79  93  81  60
26   -99  39  43  45  39 -99  59  66  56  52 -99  60  74  63  62
27   -99  38  46  44  42 -99  60  60  55  55 -99  75  83  68  67
28   -99  54  60  54  58 -99  57  72  58  53 -99  78  93  78  74
29   -99  52  66  53  48 -99  62  78  62  56 -99  73  86  75  71
30   -99  50  56  48  45 -99  64  59  52  42 -99  80  90  72  70
31   -99 -99 -99 -99 -99 -99  49  58  52  57 -99 -99 -99 -99 -99
1828
      July                August              September 
 1   -99  74  88  72  69 -99  73  82  72  70 -99  77  92  78  74
 2   -99  75  83  74  68 -99  72  81  73  68 -99  72  77  70  68
 3   -99  68  83  68  66 -99  69  82  73  68 -99  65  68  64  67
 4   -99  67  82  68  63 -99  72  78  68  66 -99  72  83  72  68
 5   -99  66  71  63  61 -99  73  82  69  66 -99  71  79  69  66
 6   -99  67  85  77  72 -99  52  72  62  61 -99  59  77  70  62
 7   -99  75  89  77  70 -99  68  79  67  64 -99  58  75  63  58
 8   -99  76  88  71  68 -99  74  87  76  72 -99  62  79  71  68
 9   -99  70  70  70  66 -99  73  85  72  69 -99  54  56  56  54
10   -99  67  84  77  66 -99  76  86  77  73 -99  53  63  60  53
11   -99  72  77  64  61 -99  80  88  77  74 -99  53  70  61  55
12   -99  64  79  70  64 -99  70  90  79  73 -99  58  77  70  62
13   -99  70  74  61  59 -99  69  84  71  66 -99  66  81  72  64
14   -99  61  67  59  58 -99  70  85  74  70 -99  68  78  63  60
15   -99  66  82  70  66 -99  75  81  76  69 -99  63  70  62  62
16   -99  66  76  65  65 -99  70  83  70  64 -99  59  61  58  58
17   -99  73  81  72  70 -99  64  77  68  66 -99  56  61  57  55
18   -99  68  83  70  66 -99  71  72  62  62 -99  55 -99  59  53
19   -99  72  89  73  70 -99  63  73  63  60 -99  55  71  63  56
20   -99  78  88  73  71 -99  64  77  65  60 -99  61  68  60  56
21   -99  73  85  74  70 -99  62  76  67  62 -99  58  68  60  58
22   -99  73  79  68  67 -99  68  83  75  69 -99  60  75  60  60
23   -99  74  88  78  75 -99  70  86  77  69 -99  62  72  64  60
24   -99  78  92  81  75 -99  75  92  79  72 -99  62  68  66  65
25   -99  80  92  82  77 -99  77  89  79  76 -99  63  73  66  65
26   -99  70  90  81  75 -99  78  78  72  68 -99  56  69  61  54
27   -99  76  90  81  72 -99  69  78  68  60 -99  52  70  60  52
28   -99  70  85  73  68 -99  66  84  73  67 -99  54  70 -99  58
29   -99  69  85  72  67 -99  72  90  72  71 -99  56  58  54  52
30   -99  67  80  70  66 -99  70  77  68  63 -99 -99  68  50  53
31   -99  74  77  70  66 -99  68  84  76  71 -99 -99 -99 -99 -99
1828
      October             November            December  
 1   -99 -99 -99 -99 -99 -99  46  48  48  48 -99  23  34  23  24
 2   -99 -99 -99 -99 -99 -99  46  49  48  50 -99 -99  47  45  43
 3   -99 -99 -99 -99  51 -99  56  56  55  55 -99  44  56  54  50
 4   -99  48  64  57  52 -99  56  63  59  56 -99  53  58  49  30
 5   -99  54  62  58  58 -99  56  66  58  54 -99  30  41  35  32
 6   -99  54  62 -99  48 -99  55  55  48  48 -99  34  44  30  36
 7   -99  47  66  57  54 -99  38  55  47  48 -99  28  44  42  39
 8   -99  53  74  66  58 -99  53  57  52  45 -99  35  47  41  38
 9   -99  55  76  68  58 -99  34  50  42  35 -99  35  42  48  45
10   -99  57  74  61  56 -99  32  42  44  40 -99  36  50  49  31
11   -99  59  66  58  54 -99  42  55  50  48 -99  34  46  45  39
12   -99  48  53  46  40 -99  36  42  38  30 -99  27  41  41  32
13   -99  44  60  58  58 -99  35  40  35  34 -99  29  47  44  41
14   -99  48  53  45  41 -99  31  42  36  30 -99  39  58  44 -99
15   -99  38  56  38  32 -99  30  40  35  31 -99  30  46  34  31
16   -99  29  46  38  33 -99  29  42  37  36 -99  32  41  40  35
17   -99  28  50  45  42 -99  32  42  33  24 -99  39  50  40  35
18   -99  54  58  50  45 -99  23  36  30  25 -99  24  27  23  14
19   -99  34  46  33  32 -99  26  37  35  44 -99  11  27  26  24
20   -99  30  50  43  35 -99  51  60  58  52 -99  25  42  40  39
21   -99  32  54  49  42 -99  39  50  42  35 -99  39  40  32  23
22   -99  41  64  55  44 -99  36  43  43  42 -99  15  25  18 -99
23   -99  41  69  59  50 -99  43  39  34  31 -99  28  37  34  28
24   -99  48  58  50  50 -99  32  46  40  36 -99  23  44  40  29
25   -99  47  67  62  58 -99  36  45  38  33 -99  34  32  25  20
26   -99  50  62  54  44 -99  35  43  35  31 -99  23  44  35  32
27   -99  35  55  48  48 -99  30  40  37  33 -99  32  42  34  21
28   -99  52  62  59  52 -99  48  55  54  52 -99  32  41  38  26
29   -99  44  53  47  38 -99  37  50  46  38 -99  31  40  39  38
30   -99  34  53  49  44 -99  37  47  40  34 -99  37  41  30  16
31   -99  49  55  50  47 -99 -99 -99 -99 -99 -99   7  19  18  20
1829
      January             February            March     
 1   -99  33  35  34  35 -99  11  32  25  16 -99  17 -99 -99 -99
 2   -99  24  21  15   8 -99  18  29  28  29 -99 -99 -99 -99 -99
 3   -99  -4   5   0  -6 -99  23  27  20  14 -99 -99 -99 -99 -99
 4   -99  -2  11 -99  -1 -99  12  24  16  12 -99 -99 -99 -99 -99
 5   -99   7  20  17  15 -99   7  27  21  18 -99 -99 -99 -99 -99
 6   -99  17  25  23  18 -99  16  32  26  18 -99 -99 -99 -99 -99
 7   -99  33  51  44  33 -99  25  42  37  23 -99 -99 -99 -99 -99
 8   -99  36  36  35  32 -99  25  38  36  38 -99 -99 -99 -99 -99
 9   -99  29  33  28  18 -99  36  40  35  20 -99 -99 -99 -99 -99
10   -99   3  12   9   4 -99  24  27  27  29 -99 -99 -99 -99 -99
11   -99 -99  12   8   4 -99  24  37  31  31 -99 -99 -99 -99 -99
12   -99  11  26  18  16 -99  13  26  19  14 -99 -99 -99 -99 -99
13   -99  23  34  29  25 -99  12  26  18  13 -99 -99 -99 -99 -99
14   -99  34  39  37  36 -99  15  29  24  20 -99 -99 -99 -99 -99
15   -99  39  47  45  42 -99  24  35  28  23 -99 -99 -99 -99 -99
16   -99  32  40  35  31 -99  20  34  28  22 -99 -99 -99 -99 -99
17   -99  34  38  35  35 -99  20  35  30  24 -99 -99 -99 -99 -99
18   -99  36  37  37  35 -99  20  30  24  20 -99 -99 -99 -99 -99
19   -99  35  41  36  31 -99  18  27  10  15 -99 -99 -99 -99 -99
20   -99  20  40  34  31 -99  15  23  22  27 -99 -99 -99 -99 -99
21   -99  33  38  34  32 -99  18  25  22   9 -99 -99 -99 -99 -99
22   -99  30  36  31  23 -99  17  28  19  14 -99 -99 -99 -99 -99
23   -99  20  30  33  28 -99   8  16  15  11 -99 -99 -99 -99 -99
24   -99  32  39  27  14 -99   8  28  22  22 -99 -99 -99 -99 -99
25   -99   9   8  24  28 -99  17  33  29  31 -99 -99 -99 -99 -99
26   -99  35  49  32  34 -99  34  38  30  30 -99 -99 -99 -99 -99
27   -99  33  34  30  27 -99  20  25  17  14 -99 -99 -99 -99 -99
28   -99  21  29  22  16 -99  11  27  19  15 -99 -99 -99 -99 -99
29   -99  20  30  25  12 -99 -99 -99 -99 -99 -99 -99 -99 -99 -99
30   -99  10  24  19   9 -99 -99 -99 -99 -99 -99 -99 -99 -99 -99
31   -99   4  28  20  12 -99 -99 -99 -99 -99 -99 -99 -99 -99 -99
